,Date,trade_spline,trade_signal
7307,2019-01-02,-1.0,0.0
7308,2019-01-03,-0.6545982478004577,-1.0
7309,2019-01-04,-0.28303162298262685,0.0
7310,2019-01-07,-0.3879429460238825,0.0
7311,2019-01-08,-0.4871001857104835,0.0
7312,2019-01-09,-0.6383317633195421,0.0
7313,2019-01-10,-0.8041852378958687,0.0
7314,2019-01-11,-0.9480162581653074,0.0
7315,2019-01-14,-0.949509156213288,0.0
7316,2019-01-15,-0.8769068629190899,-1.0
7317,2019-01-16,-0.9080022662411992,0.0
7318,2019-01-17,-0.8038362106710112,-1.0
7319,2019-01-18,-0.7016654942448426,0.0
7320,2019-01-22,-0.6648807966250108,0.0
7321,2019-01-23,-0.9430868507581016,0.0
7322,2019-01-24,-0.8858267690810115,-1.0
7323,2019-01-25,-0.7398718753673237,0.0
7324,2019-01-28,-0.6830645229321719,0.0
7325,2019-01-29,-0.26785874748596405,0.0
7326,2019-01-30,0.10769400107117487,0.0
7327,2019-01-31,0.3715705067624329,0.0
7328,2019-02-01,0.5573677159620163,0.0
7329,2019-02-04,0.6175394626839971,0.0
7330,2019-02-05,0.6361017070639419,0.0
7331,2019-02-06,0.7678250353460714,1.0
7332,2019-02-07,-0.9926572988250356,0.0
7333,2019-02-08,-0.8298283050938607,-1.0
7334,2019-02-11,-0.6794338634956519,0.0
7335,2019-02-12,-0.8693126399513194,0.0
7336,2019-02-13,-0.869972911338899,0.0
7337,2019-02-14,-0.8396214823930079,-1.0
7338,2019-02-15,-1.0,0.0
7339,2019-02-19,-0.8165538494731996,-1.0
7340,2019-02-20,-0.5692311724122939,0.0
7341,2019-02-21,-0.6086830183571262,0.0
7342,2019-02-22,-0.4661873290381656,0.0
7343,2019-02-25,-0.6009734010867243,0.0
7344,2019-02-26,-0.7662515669913224,0.0
7345,2019-02-27,-0.8636612747905155,0.0
7346,2019-02-28,-0.7890215648734266,-1.0
7347,2019-03-01,-0.7672860567740193,0.0
7348,2019-03-04,-0.713241960451407,0.0
7349,2019-03-05,-0.5450695911805646,0.0
7350,2019-03-06,-0.36464683303290624,0.0
7351,2019-03-07,-0.2362770399099514,0.0
7352,2019-03-08,-0.13326279656179585,0.0
7353,2019-03-11,0.012936383407786023,0.0
7354,2019-03-12,0.19614149777144751,0.0
7355,2019-03-13,0.4361909322137605,0.0
7356,2019-03-14,0.7363019135001116,1.0
7357,2019-03-15,-0.999799087155517,0.0
7358,2019-03-18,-0.920708911543407,-1.0
7359,2019-03-19,-0.9680197567074302,0.0
7360,2019-03-20,-0.8864586687765356,-1.0
7361,2019-03-21,-0.6518129145652636,0.0
7362,2019-03-22,-0.7355720730204671,0.0
7363,2019-03-25,-0.9590807647687,0.0
7364,2019-03-26,-0.9968320687098626,0.0
7365,2019-03-27,-0.9366538653478784,-1.0
7366,2019-03-28,-0.6982722214601225,0.0
7367,2019-03-29,-0.2955603589307696,0.0
7368,2019-04-01,-0.1469156321170919,0.0
7369,2019-04-02,-0.1055838351399343,0.0
7370,2019-04-03,-0.09530069259974304,0.0
7371,2019-04-04,-0.06857311831292079,0.0
7372,2019-04-05,0.013856263410054527,0.0
7373,2019-04-08,0.15931273053837947,0.0
7374,2019-04-09,0.2304233510837628,0.0
7375,2019-04-10,0.182698191129318,0.0
7376,2019-04-11,0.07146079773449743,0.0
7377,2019-04-12,-0.04381899987118898,0.0
7378,2019-04-15,0.24626278446483685,0.0
7379,2019-04-16,0.6667735280029048,0.0
7380,2019-04-17,0.9643936934111964,0.0
7381,2019-04-18,0.9249123750974872,1.0
7382,2019-04-22,-0.9979002478082908,0.0
7383,2019-04-23,-0.9270413067204822,-1.0
7384,2019-04-24,-0.9428418672527508,0.0
7385,2019-04-25,-0.9378088909920228,0.0
7386,2019-04-26,-0.8182045196371353,-1.0
7387,2019-04-29,-0.6572013654453319,0.0
7388,2019-04-30,0.3635057619799571,0.0
7389,2019-05-01,-1.0,0.0
7390,2019-05-02,-0.4408428382662072,-1.0
7391,2019-05-03,0.19029815823367927,1.0
7392,2019-05-06,0.4931178567790198,0.0
7393,2019-05-07,0.6449023233276836,0.0
7394,2019-05-08,0.6768491008364812,0.0
7395,2019-05-09,0.6554010600698108,0.0
7396,2019-05-10,0.6197297874571259,1.0
7397,2019-05-13,0.5312598558194432,0.0
7398,2019-05-14,0.5537842593433742,0.0
7399,2019-05-15,0.6071599751967305,0.0
7400,2019-05-16,0.7275306039974371,0.0
7401,2019-05-17,0.8186938774420824,0.0
7402,2019-05-20,0.8940236807856696,0.0
7403,2019-05-21,0.82258370694383,1.0
7404,2019-05-22,0.1415673022419961,0.0
7405,2019-05-23,0.9764607245442104,0.0
7406,2019-05-24,-0.6211032376269101,1.0
7407,2019-05-28,-0.9194146927765212,0.0
7408,2019-05-29,-0.8244469211079598,-1.0
7409,2019-05-30,-0.944216617256638,0.0
7410,2019-05-31,-0.9884082312959191,0.0
7411,2019-06-03,-0.7834344257928085,-1.0
7412,2019-06-04,-0.5663391090239964,0.0
7413,2019-06-05,-0.5443145527416541,0.0
7414,2019-06-06,-0.5478539375734167,0.0
7415,2019-06-07,-0.5509588294708743,-1.0
7416,2019-06-10,-0.5975503501396695,0.0
7417,2019-06-11,-0.7450479811756945,0.0
7418,2019-06-12,-0.9051395636361628,0.0
7419,2019-06-13,-0.9612515210485024,0.0
7420,2019-06-14,-0.8554950237124314,-1.0
7421,2019-06-17,-0.6850686274208255,0.0
7422,2019-06-18,-0.5835264465108074,0.0
7423,2019-06-19,-0.6377173688185903,0.0
7424,2019-06-20,-0.7495586783639961,0.0
7425,2019-06-21,-0.7879902193929826,0.0
7426,2019-06-24,-0.685655303208341,0.0
7427,2019-06-25,-0.5245912184274006,0.0
7428,2019-06-26,-0.4106948045671286,0.0
7429,2019-06-27,-0.3523292906331044,0.0
7430,2019-06-28,-0.1478947773594136,0.0
7431,2019-07-01,0.43450081179637867,0.0
7307,2019-01-02,-0.8041823047968477,0.0
7308,2019-01-03,-0.6745698585810589,-1.0
7309,2019-01-04,-0.8152524474128013,0.0
7310,2019-01-07,-0.9927691706467624,0.0
7311,2019-01-08,-0.9224057437445308,-1.0
7312,2019-01-09,-0.6902627051752894,0.0
7313,2019-01-10,-0.4443681522382901,0.0
7314,2019-01-11,-0.2829685429535901,0.0
7315,2019-01-14,-0.2458553007220864,0.0
7316,2019-01-15,-0.20803535912745352,0.0
7317,2019-01-16,-0.15848404221274093,0.0
7318,2019-01-17,-0.13470420743677858,0.0
7319,2019-01-18,-0.12807080677323324,0.0
7320,2019-01-22,-0.16630054791184234,0.0
7321,2019-01-23,-0.2724966597773857,0.0
7322,2019-01-24,-0.379185528883866,0.0
7323,2019-01-25,-0.35169444681330064,-1.0
7324,2019-01-28,-0.6110716909488884,0.0
7325,2019-01-29,-0.2794609752276737,-1.0
7326,2019-01-30,0.5139095933327456,0.0
7327,2019-01-31,0.6474869397062613,0.0
7328,2019-02-01,0.7180397867536832,0.0
7329,2019-02-04,0.832546221540688,0.0
7330,2019-02-05,0.9550217357766699,0.0
7331,2019-02-06,0.9814420505533028,1.0
7332,2019-02-07,-1.0,0.0
7333,2019-02-08,-0.4974293466363524,-1.0
7334,2019-02-11,-0.6405315531675919,0.0
7335,2019-02-12,-0.6339775612640095,-1.0
7336,2019-02-13,-0.7037222603115009,0.0
7337,2019-02-14,-0.6448880036374675,-1.0
7338,2019-02-15,-0.7008332733784877,0.0
7339,2019-02-19,-0.6019269061063329,-1.0
7340,2019-02-20,-0.5862182529235295,0.0
7341,2019-02-21,-0.6116783242160231,0.0
7342,2019-02-22,-0.5140459389094586,-1.0
7343,2019-02-25,-0.4556045025576296,0.0
7344,2019-02-26,-0.3849996465734612,0.0
7345,2019-02-27,-0.29784755645358874,0.0
7346,2019-02-28,-0.2787685665440215,0.0
7347,2019-03-01,-0.16546265967263885,0.0
7348,2019-03-04,-0.0817106512654544,0.0
7349,2019-03-05,-0.011176327457639634,0.0
7350,2019-03-06,0.1400114027733672,0.0
7351,2019-03-07,0.26178756671642395,0.0
7352,2019-03-08,0.5643737427260487,0.0
7353,2019-03-11,0.6534808025101906,0.0
7354,2019-03-12,0.7172682940863695,0.0
7355,2019-03-13,0.7622184504634744,0.0
7356,2019-03-14,0.8536346064059634,1.0
7307,2019-01-02,-0.9985097121084534,0.0
7308,2019-01-03,-0.7219095711103155,-1.0
7309,2019-01-04,-0.665663800688665,0.0
7310,2019-01-07,-0.7271155249991599,0.0
7311,2019-01-08,-0.8185873927351336,0.0
7312,2019-01-09,-0.9071680982651986,0.0
7313,2019-01-10,-0.9724597845948808,0.0
7314,2019-01-11,-0.9992292144182416,0.0
7315,2019-01-14,-0.9895100790589924,0.0
7316,2019-01-15,-0.9489403577632064,-1.0
7317,2019-01-16,-0.8831580297769602,0.0
7318,2019-01-17,-0.7978010743463286,0.0
7319,2019-01-18,-0.6985061407479114,0.0
7320,2019-01-22,-0.5898338836906394,0.0
7321,2019-01-23,-0.4733288333928644,0.0
7322,2019-01-24,-0.3500110195164193,0.0
7323,2019-01-25,-0.22090047172314287,0.0
7324,2019-01-28,-0.08701721967486797,0.0
7325,2019-01-29,0.05061870696656867,0.0
7326,2019-01-30,0.19098727853933006,0.0
7327,2019-01-31,0.3330684653815823,0.0
7328,2019-02-01,0.4758422378314884,0.0
7329,2019-02-04,0.6182885662272128,0.0
7330,2019-02-05,0.75938742090692,0.0
7331,2019-02-06,0.8981187722087736,1.0
7332,2019-02-07,-0.8608239363759808,0.0
7333,2019-02-08,-0.7754317986156181,-1.0
7334,2019-02-11,-0.5454363257524336,0.0
7335,2019-02-12,-0.4208958979963656,0.0
7336,2019-02-13,-0.5656180639653552,0.0
7337,2019-02-14,-0.8308095707262741,0.0
7338,2019-02-15,-0.9972909913654844,0.0
7339,2019-02-19,-0.934641293266888,-1.0
7340,2019-02-20,-0.8091242539641049,0.0
7341,2019-02-21,-0.6965766220230335,0.0
7342,2019-02-22,-0.4322510654520864,0.0
7343,2019-02-25,-0.4907679050968048,0.0
7344,2019-02-26,-0.9539905379376172,0.0
7345,2019-02-27,-0.8695877177194444,-1.0
7346,2019-02-28,-0.4246567282341055,0.0
7347,2019-03-01,-0.0520968079230858,0.0
7348,2019-03-04,-0.033523022184682394,0.0
7349,2019-03-05,-0.261632561924132,0.0
7350,2019-03-06,-0.5676724278636711,0.0
7351,2019-03-07,-0.8326753168950918,0.0
7352,2019-03-08,-0.6759935319906459,-1.0
7353,2019-03-11,0.23299659634067602,0.0
7354,2019-03-12,0.8380676144143027,0.0
7355,2019-03-13,0.9998231205499806,0.0
7356,2019-03-14,0.7355444543635963,1.0
7307,2019-01-02,-0.9180702076771328,0.0
7308,2019-01-03,-0.8169391299755898,-1.0
7309,2019-01-04,-0.5266280828332917,0.0
7310,2019-01-07,-0.6361945088610879,0.0
7311,2019-01-08,-0.6897380195657308,0.0
7312,2019-01-09,-0.7626107273983513,0.0
7313,2019-01-10,-0.874132988494285,0.0
7314,2019-01-11,-0.973018798372353,0.0
7315,2019-01-14,-0.9565191158048264,0.0
7316,2019-01-15,-0.8677871115758566,-1.0
7317,2019-01-16,-0.8777930670327225,0.0
7318,2019-01-17,-0.8851265762012497,0.0
7319,2019-01-18,-0.956278227760634,0.0
7320,2019-01-22,-0.999834785830062,0.0
7321,2019-01-23,-0.9169021740365502,-1.0
7322,2019-01-24,-0.7772393929665914,0.0
7323,2019-01-25,-0.733026728827364,0.0
7324,2019-01-28,-0.7141022815281868,0.0
7325,2019-01-29,-0.3784987956343664,0.0
7326,2019-01-30,-0.2673449483780941,0.0
7327,2019-01-31,-0.3351943625975846,0.0
7328,2019-02-01,-0.14557258881117485,-1.0
7329,2019-02-04,0.0822519167292497,0.0
7330,2019-02-05,0.3133300712017828,0.0
7331,2019-02-06,0.6369351826982348,1.0
7332,2019-02-07,-0.9421789913126024,0.0
7333,2019-02-08,-0.7536117627101679,-1.0
7334,2019-02-11,-0.9318431645329064,0.0
7335,2019-02-12,-0.8028620032974259,-1.0
7336,2019-02-13,-0.8066032153226262,0.0
7337,2019-02-14,-0.5511698295607783,-1.0
7338,2019-02-15,-0.978007903934173,0.0
7339,2019-02-19,-0.6359540446583742,-1.0
7340,2019-02-20,-0.926480304560066,0.0
7341,2019-02-21,-0.5644048235869339,-1.0
7342,2019-02-22,-0.95807879909908,0.0
7343,2019-02-25,-0.8749228847426939,-1.0
7344,2019-02-26,-0.5646539951244534,0.0
7345,2019-02-27,-0.5602697994033802,0.0
7346,2019-02-28,-0.5042009964829657,0.0
7347,2019-03-01,-0.8029071112963072,0.0
7348,2019-03-04,-0.8218159852976046,0.0
7349,2019-03-05,-0.5089314327747693,0.0
7350,2019-03-06,-0.4540425771047728,0.0
7351,2019-03-07,-0.3063351503118677,0.0
7352,2019-03-08,-0.157713716639855,0.0
7353,2019-03-11,-0.1992142234513924,0.0
7354,2019-03-12,0.0435544316721721,0.0
7355,2019-03-13,0.234700578591158,0.0
7356,2019-03-14,0.5325875706644518,1.0
7357,2019-03-15,-0.9997518524416212,0.0
7358,2019-03-18,-0.8978639211341441,-1.0
7359,2019-03-19,-0.953085847413238,0.0
7360,2019-03-20,-0.901376615584548,-1.0
7361,2019-03-21,-0.40014618779723377,0.0
7362,2019-03-22,-0.5178021462134091,0.0
7363,2019-03-25,-0.8820158756432309,0.0
7364,2019-03-26,-1.0,0.0
7365,2019-03-27,-0.978129987913093,0.0
7366,2019-03-28,-0.9320592477885398,-1.0
7367,2019-03-29,-0.7579253035444307,0.0
7368,2019-04-01,-0.5058534184888342,0.0
7369,2019-04-02,0.119393076763322,0.0
7370,2019-04-03,0.2762117951602583,0.0
7371,2019-04-04,0.1655231623324278,0.0
7372,2019-04-05,0.4028715410060719,0.0
7373,2019-04-08,0.5148849792507606,0.0
7374,2019-04-09,0.4469841671568544,0.0
7375,2019-04-10,0.2300106071226385,0.0
7376,2019-04-11,0.09779448952956504,0.0
7377,2019-04-12,-0.057631046659688434,0.0
7378,2019-04-15,0.04983316791642167,0.0
7379,2019-04-16,0.2675853555858356,0.0
7380,2019-04-17,0.794396905661936,0.0
7381,2019-04-18,0.9667021537569968,1.0
7382,2019-04-22,-0.8012656660673103,0.0
7383,2019-04-23,-0.5559169262808878,-1.0
7384,2019-04-24,-0.4273623213832741,0.0
7385,2019-04-25,-0.3028796654265511,0.0
7386,2019-04-26,-0.12387004702375293,0.0
7387,2019-04-29,0.08269354503325488,0.0
7388,2019-04-30,0.2496034213933593,0.0
7389,2019-05-01,0.3322153223277773,0.0
7390,2019-05-02,0.33221027792820257,0.0
7391,2019-05-03,0.2858131854248413,1.0
7392,2019-05-06,0.2972043499068997,0.0
7393,2019-05-07,0.33529362796212525,0.0
7394,2019-05-08,0.34468723555269043,0.0
7395,2019-05-09,0.2007215853126733,1.0
7396,2019-05-10,-0.4021384634878225,0.0
7397,2019-05-13,-1.0,0.0
7398,2019-05-14,-0.2061642175797116,-1.0
7399,2019-05-15,0.639247216946222,0.0
7400,2019-05-16,0.5723476090436552,1.0
7401,2019-05-17,0.4758821797263853,0.0
7402,2019-05-20,0.4647889449277853,0.0
7403,2019-05-21,0.547329418281556,0.0
7404,2019-05-22,0.6684066908765613,0.0
7405,2019-05-23,0.7980311485657656,0.0
7406,2019-05-24,0.9208333188471454,1.0
7407,2019-05-28,-0.9593050836845944,0.0
7408,2019-05-29,-0.746103706931783,-1.0
7409,2019-05-30,-0.9511434225098316,0.0
7410,2019-05-31,-0.8380002795074397,-1.0
7411,2019-06-03,-1.0,0.0
7412,2019-06-04,-0.7818173093803892,-1.0
7413,2019-06-05,-0.7957883454764184,0.0
7414,2019-06-06,-0.5209743461290629,-1.0
7415,2019-06-07,-0.3081869390573606,0.0
7416,2019-06-10,-0.17078994622691068,0.0
7417,2019-06-11,-0.1892424931621448,0.0
7418,2019-06-12,-0.3052556379627206,0.0
7419,2019-06-13,-0.4032734170228183,0.0
7420,2019-06-14,-0.6477795580026974,0.0
7421,2019-06-17,-0.5938722360598141,-1.0
7422,2019-06-18,-0.42978987688561376,0.0
7423,2019-06-19,-0.4936138066048754,0.0
7424,2019-06-20,-0.4907050373831554,0.0
7425,2019-06-21,-0.5365352676866013,0.0
7426,2019-06-24,-0.6038955429274198,0.0
7427,2019-06-25,-0.6976454441384783,0.0
7428,2019-06-26,-0.4703250255939854,-1.0
7429,2019-06-27,-0.41058679079648,0.0
7430,2019-06-28,-0.4168255044706904,0.0
7431,2019-07-01,0.16553639535033482,0.0
7307,2019-01-02,-0.9885240801498318,0.0
7308,2019-01-03,-0.9084263170950904,-1.0
7309,2019-01-04,-0.7058659902986915,0.0
7310,2019-01-07,-0.6165534502196952,0.0
7311,2019-01-08,-0.4874669204207156,0.0
7312,2019-01-09,-0.3733344712791796,0.0
7313,2019-01-10,-0.3156345591267371,0.0
7314,2019-01-11,-0.3569590695114833,0.0
7315,2019-01-14,-0.4633636790108368,0.0
7316,2019-01-15,-0.3993606793552135,-1.0
7317,2019-01-16,-0.4169671353839123,0.0
7318,2019-01-17,-0.40827015075547857,-1.0
7319,2019-01-18,-0.4332810268935461,0.0
7320,2019-01-22,-0.5703294791652503,0.0
7321,2019-01-23,-0.8247454593399741,0.0
7322,2019-01-24,-0.9280704465117096,0.0
7323,2019-01-25,-0.793436939032049,-1.0
7324,2019-01-28,-0.9308210237559064,0.0
7325,2019-01-29,-0.778727227078932,-1.0
7326,2019-01-30,-0.5070948661470912,0.0
7327,2019-01-31,-0.4229869002066911,0.0
7328,2019-02-01,-0.3105733739473121,0.0
7329,2019-02-04,0.07168359069247465,0.0
7330,2019-02-05,0.3756607085763841,0.0
7331,2019-02-06,0.6840201527788403,1.0
7307,2019-01-02,-0.9757100776977556,0.0
7308,2019-01-03,-0.7290559036983727,-1.0
7309,2019-01-04,-0.44652525679179866,0.0
7310,2019-01-07,-0.4536718312633857,0.0
7311,2019-01-08,-0.6167200231166264,0.0
7312,2019-01-09,-0.8211792014596804,0.0
7313,2019-01-10,-0.9678994057076472,0.0
7314,2019-01-11,-0.9978013865984664,0.0
7315,2019-01-14,-0.9624472159025887,0.0
7316,2019-01-15,-0.9366896684509652,-1.0
7317,2019-01-16,-0.9520723378768504,0.0
7318,2019-01-17,-0.9878424999935748,0.0
7319,2019-01-18,-0.9979251952825366,0.0
7320,2019-01-22,-0.9586667770590224,0.0
7321,2019-01-23,-0.8879521047996495,-1.0
7322,2019-01-24,-0.7988347376573295,0.0
7323,2019-01-25,-0.6850933068249843,0.0
7324,2019-01-28,-0.4519541902436194,0.0
7325,2019-01-29,-0.1328223097291351,0.0
7326,2019-01-30,-0.004264456802290928,0.0
7327,2019-01-31,0.08172019066577896,0.0
7328,2019-02-01,0.2831858908108811,0.0
7329,2019-02-04,0.6095028641103101,0.0
7330,2019-02-05,0.9010747770443828,0.0
7331,2019-02-06,0.9969757077170368,1.0
7307,2019-01-02,-1.0,0.0
7308,2019-01-03,-0.6434272409492208,-1.0
7309,2019-01-04,-0.4329285982651624,0.0
7310,2019-01-07,-0.4046799361648408,0.0
7311,2019-01-08,-0.5340380844485544,0.0
7312,2019-01-09,-0.7350371799410607,0.0
7313,2019-01-10,-0.9077058270006196,0.0
7314,2019-01-11,-0.9795649576454752,0.0
7315,2019-01-14,-0.9700508990625804,0.0
7316,2019-01-15,-0.9177863407498708,-1.0
7317,2019-01-16,-0.861393972205282,0.0
7318,2019-01-17,-0.8394964829267514,0.0
7319,2019-01-18,-0.8906375549877039,0.0
7320,2019-01-22,-0.9894409378309912,0.0
7321,2019-01-23,-0.9317028074066508,-1.0
7322,2019-01-24,-0.6674062890420915,0.0
7323,2019-01-25,-0.4488424432349853,0.0
7324,2019-01-28,-0.12299530313283592,0.0
7325,2019-01-29,0.32590596153198925,0.0
7326,2019-01-30,0.585670953001483,0.0
7327,2019-01-31,0.7246883840537537,0.0
7328,2019-02-01,0.8859380625316406,0.0
7329,2019-02-04,0.9907039949898766,0.0
7330,2019-02-05,0.9473675615895184,0.0
7331,2019-02-06,0.5986648822631695,1.0
7307,2019-01-02,0.013639515275506664,0.0
7308,2019-01-03,-0.7367010766881859,0.0
7309,2019-01-04,-0.6822744290943636,-1.0
7310,2019-01-07,-1.0,0.0
7311,2019-01-08,-0.8490150333176985,-1.0
7312,2019-01-09,0.02820546331661466,0.0
7313,2019-01-10,0.2181939819440022,0.0
7314,2019-01-11,0.2256951021385196,0.0
7315,2019-01-14,0.2280161783090149,0.0
7316,2019-01-15,0.21927929877625751,0.0
7317,2019-01-16,0.21780564575792227,0.0
7318,2019-01-17,0.23071895993054906,0.0
7319,2019-01-18,0.2326581788140996,0.0
7320,2019-01-22,0.17173215485738005,0.0
7321,2019-01-23,-0.451994051299596,0.0
7322,2019-01-24,-0.8536120767173523,0.0
7323,2019-01-25,-0.5546291791132206,-1.0
7324,2019-01-28,-0.7522365926967165,0.0
7325,2019-01-29,0.1438927036339852,0.0
7326,2019-01-30,0.4090815487550339,0.0
7327,2019-01-31,0.4493493375842441,0.0
7328,2019-02-01,0.5534029562520753,0.0
7329,2019-02-04,0.6482814274118689,0.0
7330,2019-02-05,0.7527845743511334,0.0
7331,2019-02-06,0.889717803899174,1.0
7332,2019-02-07,-0.9722187945375892,0.0
7333,2019-02-08,-0.9133541325814644,-1.0
7334,2019-02-11,-0.6781259457521035,0.0
7335,2019-02-12,-0.5300182540269214,0.0
7336,2019-02-13,-0.6468312556418276,0.0
7337,2019-02-14,-0.8808558598295119,0.0
7338,2019-02-15,-0.99047891053853,0.0
7339,2019-02-19,-0.8820250033667373,-1.0
7340,2019-02-20,-0.8221193685261882,0.0
7341,2019-02-21,-0.9194268711061186,0.0
7342,2019-02-22,-0.5603074085022309,-1.0
7343,2019-02-25,-0.4555246516740646,0.0
7344,2019-02-26,-0.9448417417415208,0.0
7345,2019-02-27,-0.9128936931440204,0.0
7346,2019-02-28,-0.5287581844433056,-1.0
7347,2019-03-01,-0.19121322947173214,0.0
7348,2019-03-04,-0.17670010582413698,0.0
7349,2019-03-05,-0.3500651215326164,0.0
7350,2019-03-06,-0.44333071099197785,0.0
7351,2019-03-07,-0.3271710954708407,-1.0
7352,2019-03-08,-0.01848765485581472,0.0
7353,2019-03-11,0.4422515125702105,0.0
7354,2019-03-12,0.7991674656040729,0.0
7355,2019-03-13,0.9867086085837318,0.0
7356,2019-03-14,0.9432975898720406,1.0
7357,2019-03-15,-0.9998606061147098,0.0
7358,2019-03-18,-0.9486463343237528,-1.0
7359,2019-03-19,-0.9896039882873936,0.0
7360,2019-03-20,-0.8689101514825117,-1.0
7361,2019-03-21,-0.8302454812718928,0.0
7362,2019-03-22,-0.9882848901867672,0.0
7363,2019-03-25,-0.950205522125927,0.0
7364,2019-03-26,-0.8146298289717621,0.0
7365,2019-03-27,-0.6895073707053375,0.0
7366,2019-03-28,-0.5419286478002836,-1.0
7367,2019-03-29,-0.395953701439931,0.0
7368,2019-04-01,-0.2644980835032341,0.0
7369,2019-04-02,-0.13831365515092975,0.0
7370,2019-04-03,-0.011474660502191592,0.0
7371,2019-04-04,0.11886817116462267,0.0
7372,2019-04-05,0.2666409378309942,0.0
7373,2019-04-08,0.3921376081861132,0.0
7374,2019-04-09,0.4600572621246444,0.0
7375,2019-04-10,0.5253402300035648,0.0
7376,2019-04-11,0.6024532702168672,0.0
7377,2019-04-12,0.6812687113825551,0.0
7378,2019-04-15,0.7935122610769527,0.0
7379,2019-04-16,0.913149748208548,0.0
7380,2019-04-17,0.9867918415392622,0.0
7381,2019-04-18,0.9950648087553846,1.0
7382,2019-04-22,-0.8831873321554167,0.0
7383,2019-04-23,-0.8016929708453651,-1.0
7384,2019-04-24,-0.9050064995538941,0.0
7385,2019-04-25,-1.0,0.0
7386,2019-04-26,-0.8700765375751283,-1.0
7387,2019-04-29,-0.4710363301835715,0.0
7388,2019-04-30,-0.08756720189203859,0.0
7389,2019-05-01,0.35923633901419794,0.0
7390,2019-05-02,0.3478937015646797,0.0
7391,2019-05-03,0.2686841423575688,1.0
7392,2019-05-06,0.2497266116740915,0.0
7393,2019-05-07,0.2301760925302017,0.0
7394,2019-05-08,0.2539393192686201,0.0
7395,2019-05-09,0.23949290051163816,1.0
7396,2019-05-10,0.2373517534456795,0.0
7397,2019-05-13,0.245381939472088,0.0
7398,2019-05-14,0.6395192369490605,0.0
7399,2019-05-15,0.9549003118034856,0.0
7400,2019-05-16,0.9671384196323484,0.0
7401,2019-05-17,0.6656906690476356,1.0
7402,2019-05-20,0.3163185236292469,0.0
7403,2019-05-21,0.28009714327873914,0.0
7404,2019-05-22,0.09533447174086107,0.0
7405,2019-05-23,-0.11129484439611004,0.0
7406,2019-05-24,0.10480308907173264,0.0
7407,2019-05-28,-0.9232004395741048,0.0
7408,2019-05-29,-0.8704334295213307,-1.0
7409,2019-05-30,-0.9020692032521184,0.0
7410,2019-05-31,-1.0,0.0
7411,2019-06-03,-0.9696465747432728,0.0
7412,2019-06-04,-0.929909348593871,-1.0
7413,2019-06-05,-0.9612787481254108,0.0
7414,2019-06-06,-0.8375492359152259,0.0
7415,2019-06-07,-0.4774609975941293,-1.0
7416,2019-06-10,-0.07980353309654797,0.0
7417,2019-06-11,0.17499471162763158,0.0
7418,2019-06-12,0.3282767943355085,0.0
7419,2019-06-13,0.4165896073422961,0.0
7420,2019-06-14,0.4691017213322919,0.0
7421,2019-06-17,0.5434320428387647,0.0
7422,2019-06-18,0.5708455917699851,0.0
7423,2019-06-19,0.58436420310536,0.0
7424,2019-06-20,0.604327036073735,0.0
7425,2019-06-21,0.6394202277859431,0.0
7426,2019-06-24,0.6692132363140268,0.0
7427,2019-06-25,0.7276868038327069,0.0
7428,2019-06-26,0.791925335894192,0.0
7429,2019-06-27,0.8403326475665018,0.0
7430,2019-06-28,0.9592198222816841,0.0
7431,2019-07-01,0.9980152481913986,1.0
7307,2019-01-02,-0.7575646782312632,0.0
7308,2019-01-03,-0.6792597560680296,-1.0
7309,2019-01-04,-0.8404360023193166,0.0
7310,2019-01-07,-0.9929242083853446,0.0
7311,2019-01-08,-0.940551209219762,-1.0
7312,2019-01-09,-0.7404687173110516,0.0
7313,2019-01-10,-0.5082612413480578,0.0
7314,2019-01-11,-0.3344616647898849,0.0
7315,2019-01-14,-0.2522141164726932,0.0
7316,2019-01-15,-0.2264543992186011,0.0
7317,2019-01-16,-0.2031194528423026,0.0
7318,2019-01-17,-0.1840622186825137,0.0
7319,2019-01-18,-0.2291338966372677,0.0
7320,2019-01-22,-0.2854306389070768,0.0
7321,2019-01-23,-0.34060480791551184,0.0
7322,2019-01-24,-0.3823023090495732,0.0
7323,2019-01-25,-0.4884644682781124,0.0
7324,2019-01-28,-0.6721720304475882,0.0
7325,2019-01-29,-0.3956081673872349,-1.0
7326,2019-01-30,0.18797828506252226,0.0
7327,2019-01-31,0.3271723460659224,0.0
7328,2019-02-01,0.4395087640267548,0.0
7329,2019-02-04,0.5892594796121509,0.0
7330,2019-02-05,0.7693143136201508,0.0
7331,2019-02-06,0.9442771445789826,1.0
7332,2019-02-07,-0.9900296236672312,0.0
7333,2019-02-08,-0.7552275430513768,-1.0
7334,2019-02-11,-0.6209501141926395,0.0
7335,2019-02-12,-0.9013485482742418,0.0
7336,2019-02-13,-0.9956113780802794,0.0
7337,2019-02-14,-0.8435341755247336,-1.0
7338,2019-02-15,-0.569825358678084,0.0
7339,2019-02-19,-0.29151791675327005,0.0
7340,2019-02-20,-0.0993404703988474,0.0
7341,2019-02-21,-0.07947076063891467,0.0
7342,2019-02-22,-0.12702967383453967,0.0
7343,2019-02-25,0.0682846969810107,0.0
7344,2019-02-26,0.07782283809161727,0.0
7345,2019-02-27,0.008992361656760872,0.0
7346,2019-02-28,-0.0596052792942251,0.0
7347,2019-03-01,-0.07983665195481715,0.0
7348,2019-03-04,-0.04248164771435492,0.0
7349,2019-03-05,-0.03847339875267375,0.0
7350,2019-03-06,-0.17446510517635996,0.0
7351,2019-03-07,-0.4221666858559021,0.0
7352,2019-03-08,-0.32496369965437066,-1.0
7353,2019-03-11,0.24239094731522304,0.0
7354,2019-03-12,0.4626985554928258,0.0
7355,2019-03-13,0.6217231934489129,0.0
7356,2019-03-14,0.8228864129880484,1.0
7357,2019-03-15,-1.0,0.0
7358,2019-03-18,-0.7069125511554817,-1.0
7359,2019-03-19,-0.5758341262480591,0.0
7360,2019-03-20,-0.6383727422764718,0.0
7361,2019-03-21,-0.6689684603006867,0.0
7362,2019-03-22,-0.7401510938419965,0.0
7363,2019-03-25,-0.9161801321917734,0.0
7364,2019-03-26,-0.954353338054962,0.0
7365,2019-03-27,-0.9999717232616024,0.0
7366,2019-03-28,-0.938107107097928,-1.0
7367,2019-03-29,-0.8344764226595839,0.0
7368,2019-04-01,-0.6963193346922567,0.0
7369,2019-04-02,-0.5699665111672743,0.0
7370,2019-04-03,-0.39480843348293626,0.0
7371,2019-04-04,-0.2356716516842955,0.0
7372,2019-04-05,-0.09767819834304524,0.0
7373,2019-04-08,-0.001555583664900606,0.0
7374,2019-04-09,0.0686549119140385,0.0
7375,2019-04-10,0.012535901322788812,0.0
7376,2019-04-11,-0.04223341749093523,0.0
7377,2019-04-12,-0.1613263383898137,0.0
7378,2019-04-15,-0.1826251823814856,0.0
7379,2019-04-16,-0.07026304638268066,0.0
7380,2019-04-17,0.2155563173938944,0.0
7381,2019-04-18,0.7850711260486379,1.0
7382,2019-04-22,-0.855107847633539,0.0
7383,2019-04-23,-0.7113136125760258,-1.0
7384,2019-04-24,-0.17785159534661688,0.0
7385,2019-04-25,0.23693686403242564,0.0
7386,2019-04-26,0.5489290885324236,0.0
7387,2019-04-29,0.7726727533124023,0.0
7388,2019-04-30,0.9119706853335481,0.0
7389,2019-05-01,0.9909810566363576,0.0
7390,2019-05-02,0.9938692668736824,0.0
7391,2019-05-03,0.940497005232872,1.0
7392,2019-05-06,0.8207509436649127,0.0
7393,2019-05-07,0.6831843201141171,0.0
7394,2019-05-08,0.5006070699399299,0.0
7395,2019-05-09,0.30531957103205976,0.0
7396,2019-05-10,0.08914011691905732,0.0
7397,2019-05-13,-0.14441295347860686,0.0
7398,2019-05-14,-0.3496872852217631,0.0
7399,2019-05-15,-0.5392978032784832,0.0
7400,2019-05-16,-0.7022297045623869,0.0
7401,2019-05-17,-0.8488029422034966,0.0
7402,2019-05-20,-0.9522566732719548,0.0
7403,2019-05-21,-0.9966386636702316,0.0
7404,2019-05-22,-0.9916338177191416,0.0
7405,2019-05-23,-0.928318308753735,-1.0
7406,2019-05-24,-0.7586223787725392,0.0
7407,2019-05-28,-0.9371729329401488,0.0
7408,2019-05-29,-0.8827298665721608,-1.0
7409,2019-05-30,-0.9685194057014912,0.0
7410,2019-05-31,-0.98690028421388,0.0
7411,2019-06-03,-0.8089144421790981,-1.0
7412,2019-06-04,-0.5947229816518512,0.0
7413,2019-06-05,-0.463694196301755,0.0
7414,2019-06-06,-0.26165955031329924,0.0
7415,2019-06-07,-0.03924484825601382,0.0
7416,2019-06-10,0.08794062552516467,0.0
7417,2019-06-11,0.053611511439829666,0.0
7418,2019-06-12,-0.04656729225303469,0.0
7419,2019-06-13,-0.09052461359689412,0.0
7420,2019-06-14,-0.007204973095701672,0.0
7421,2019-06-17,0.12375085723218525,0.0
7422,2019-06-18,0.1985675216625216,0.0
7423,2019-06-19,0.15841061512907095,0.0
7424,2019-06-20,0.06492474625649591,0.0
7425,2019-06-21,0.00012944140746995458,0.0
7426,2019-06-24,0.006944326379398458,0.0
7427,2019-06-25,0.04454271434601709,0.0
7428,2019-06-26,0.061558984216319564,0.0
7429,2019-06-27,0.06407514919234925,0.0
7430,2019-06-28,0.19075587541735567,0.0
7431,2019-07-01,0.5942565713504759,1.0
7307,2019-01-02,-1.0,0.0
7308,2019-01-03,-0.8704954780590735,-1.0
7309,2019-01-04,-0.7512163444187651,0.0
7310,2019-01-07,-0.6413081818638333,0.0
7311,2019-01-08,-0.5399165731790355,0.0
7312,2019-01-09,-0.4461871011491304,0.0
7313,2019-01-10,-0.3592653485588765,0.0
7314,2019-01-11,-0.2782968981930314,0.0
7315,2019-01-14,-0.20242733283635386,0.0
7316,2019-01-15,-0.13080223527360146,0.0
7317,2019-01-16,-0.06256718828953267,0.0
7318,2019-01-17,0.0031322253310943626,0.0
7319,2019-01-18,0.06715042280352113,0.0
7320,2019-01-22,0.1303418213429901,0.0
7321,2019-01-23,0.19356083816474245,0.0
7322,2019-01-24,0.25766189048402066,0.0
7323,2019-01-25,0.3234993955160657,0.0
7324,2019-01-28,0.39192777047612015,0.0
7325,2019-01-29,0.4638014325794253,0.0
7326,2019-01-30,0.5399747990412231,0.0
7327,2019-01-31,0.6213022870767555,0.0
7328,2019-02-01,0.7081674268925142,0.0
7329,2019-02-04,0.8021894494410235,0.0
7330,2019-02-05,0.904379868473232,0.0
7331,2019-02-06,0.9652719339369636,1.0
7332,2019-02-07,-0.8937013252788081,0.0
7333,2019-02-08,-0.9731529643134628,0.0
7334,2019-02-11,-0.999438437213894,0.0
7335,2019-02-12,-0.9923457761005274,0.0
7336,2019-02-13,-0.9700167986261156,0.0
7337,2019-02-14,-0.9490242756359096,-1.0
7338,2019-02-15,-0.9459377269194644,0.0
7339,2019-02-19,-0.9594134757802528,0.0
7340,2019-02-20,-0.9282184627777426,0.0
7341,2019-02-21,-0.7786537015370731,-1.0
7342,2019-02-22,-0.4996681891847304,0.0
7343,2019-02-25,-0.27181377544929364,0.0
7344,2019-02-26,-0.22371291333575985,0.0
7345,2019-02-27,-0.2510496088855586,0.0
7346,2019-02-28,-0.2666169020263608,0.0
7347,2019-03-01,-0.1943145566551704,-1.0
7348,2019-03-04,-0.033057361333996726,0.0
7349,2019-03-05,0.02539299433528508,0.0
7350,2019-03-06,-0.2402119452940773,0.0
7351,2019-03-07,-0.7551979853563783,0.0
7352,2019-03-08,-0.5788230800536351,-1.0
7353,2019-03-11,0.479593065191986,0.0
7354,2019-03-12,0.8364476379266439,0.0
7355,2019-03-13,0.9076830275183558,0.0
7356,2019-03-14,0.9887095634453272,1.0
7357,2019-03-15,-0.3934784169941764,0.0
7358,2019-03-18,-0.5443164986977563,0.0
7359,2019-03-19,-0.5401806413133345,0.0
7360,2019-03-20,-0.4998835898741722,-1.0
7361,2019-03-21,-0.5752482485392105,0.0
7362,2019-03-22,-0.7676948276082959,0.0
7363,2019-03-25,-0.9764792340753,0.0
7364,2019-03-26,-0.9656426996586568,0.0
7365,2019-03-27,-0.7806837771269508,-1.0
7366,2019-03-28,-0.5359472160163841,0.0
7367,2019-03-29,-0.3189724665958863,0.0
7368,2019-04-01,-0.1390466775804764,0.0
7369,2019-04-02,0.011981259399275634,0.0
7370,2019-04-03,0.1385777412888125,0.0
7371,2019-04-04,0.2357183356671828,0.0
7372,2019-04-05,0.2967354447793831,0.0
7373,2019-04-08,0.3149614708704096,0.0
7374,2019-04-09,0.27701063078444355,0.0
7375,2019-04-10,0.18273393382295106,0.0
7376,2019-04-11,0.06904225638438821,0.0
7377,2019-04-12,0.05312665584832832,0.0
7378,2019-04-15,0.26415721699242223,0.0
7379,2019-04-16,0.688131655649437,0.0
7380,2019-04-17,0.988270157208776,0.0
7381,2019-04-18,0.7961094975563956,1.0
7382,2019-04-22,0.9852502634308704,0.0
7383,2019-04-23,0.9102572949926576,1.0
7384,2019-04-24,0.9303320726598636,0.0
7385,2019-04-25,0.9772198087151792,0.0
7386,2019-04-26,0.9983718133816332,0.0
7387,2019-04-29,0.9986618387639984,0.0
7388,2019-04-30,0.9960752720188928,0.0
7389,2019-05-01,0.9657022057915924,0.0
7390,2019-05-02,0.8086206765422783,1.0
7391,2019-05-03,0.597497012219119,0.0
7392,2019-05-06,0.3724521440072628,0.0
7393,2019-05-07,0.15042135751982588,0.0
7394,2019-05-08,-0.053256981673243664,0.0
7395,2019-05-09,-0.22689600677748398,0.0
7396,2019-05-10,-0.3690443811907849,0.0
7397,2019-05-13,-0.4800408018208502,0.0
7398,2019-05-14,-0.5647289673252032,0.0
7399,2019-05-15,-0.6395339313034231,0.0
7400,2019-05-16,-0.7226756985803515,0.0
7401,2019-05-17,-0.8211409017076275,0.0
7402,2019-05-20,-0.915401291132402,0.0
7403,2019-05-21,-0.982104633411229,0.0
7404,2019-05-22,-0.9978986951006648,0.0
7405,2019-05-23,-0.9394312427572656,-1.0
7406,2019-05-24,-0.7833500429375873,0.0
7407,2019-05-28,-1.0,0.0
7408,2019-05-29,-0.8182590417623609,-1.0
7409,2019-05-30,-0.6467601996827579,0.0
7410,2019-05-31,-0.4843098544601137,0.0
7411,2019-06-03,-0.3295242578521764,0.0
7412,2019-06-04,-0.1825366651184226,0.0
7413,2019-06-05,-0.043480331518328086,0.0
7414,2019-06-06,0.08751148768863093,0.0
7415,2019-06-07,0.21030553724297674,0.0
7416,2019-06-10,0.3237331580616705,0.0
7417,2019-06-11,0.4281806712410514,0.0
7418,2019-06-12,0.5242701643454073,0.0
7419,2019-06-13,0.6120476654721391,0.0
7420,2019-06-14,0.6915592027186475,0.0
7421,2019-06-17,0.7628508041823341,0.0
7422,2019-06-18,0.8259684979605988,0.0
7423,2019-06-19,0.8809583121508424,0.0
7424,2019-06-20,0.924565231050934,0.0
7425,2019-06-21,0.9580525448079552,0.0
7426,2019-06-24,0.9818762810581254,0.0
7427,2019-06-25,0.9959031845419652,0.0
7428,2019-06-26,1.0,0.0
7429,2019-06-27,0.9940334721727532,0.0
7430,2019-06-28,0.9778703458007492,0.0
7431,2019-07-01,0.9513773656245093,1.0
7307,2019-01-02,-1.0,0.0
7308,2019-01-03,-0.8643482240011628,-1.0
7309,2019-01-04,-0.7597738531576214,0.0
7310,2019-01-07,-0.6859040726685821,0.0
7311,2019-01-08,-0.6345120928954953,0.0
7312,2019-01-09,-0.5956038663576344,0.0
7313,2019-01-10,-0.5592390099456527,0.0
7314,2019-01-11,-0.5175988936483132,0.0
7315,2019-01-14,-0.4700496806521667,0.0
7316,2019-01-15,-0.417457283398709,0.0
7317,2019-01-16,-0.36068761432943774,0.0
7318,2019-01-17,-0.300606585885849,0.0
7319,2019-01-18,-0.2380790435589395,0.0
7320,2019-01-22,-0.17308343965188733,0.0
7321,2019-01-23,-0.10311627899466158,0.0
7322,2019-01-24,-0.025404470707309786,0.0
7323,2019-01-25,0.06289549850437037,0.0
7324,2019-01-28,0.16462714193458172,0.0
7325,2019-01-29,0.2826068449600747,0.0
7326,2019-01-30,0.4121168371948879,0.0
7327,2019-01-31,0.5308109631465727,0.0
7328,2019-02-01,0.6464281135224397,0.0
7329,2019-02-04,0.8011133475167118,0.0
7330,2019-02-05,0.923325650415689,0.0
7331,2019-02-06,0.9936819432039712,1.0
7332,2019-02-07,-0.6053474152434593,0.0
7333,2019-02-08,-0.19343415619312754,-1.0
7334,2019-02-11,-0.02101565673409012,0.0
7335,2019-02-12,0.025040876620413544,0.0
7336,2019-02-13,-0.12365520132043015,0.0
7337,2019-02-14,-0.3546132665470003,0.0
7338,2019-02-15,-0.633325831115765,0.0
7339,2019-02-19,-0.8985965588737409,0.0
7340,2019-02-20,-1.0,0.0
7341,2019-02-21,-0.7685877359420507,-1.0
7342,2019-02-22,-0.21737214734596466,0.0
7343,2019-02-25,0.08427374309842928,0.0
7344,2019-02-26,-0.12993890646975093,0.0
7345,2019-02-27,-0.2285754688314714,0.0
7346,2019-02-28,-0.16487438115844644,0.0
7347,2019-03-01,-0.030603823694945406,0.0
7348,2019-03-04,0.08246802331476344,0.0
7349,2019-03-05,0.08257297962640943,0.0
7350,2019-03-06,-0.1215283315561292,0.0
7351,2019-03-07,-0.473509763149275,0.0
7352,2019-03-08,-0.4041432118790811,-1.0
7353,2019-03-11,0.3480414811705079,0.0
7354,2019-03-12,0.8402084845553137,0.0
7355,2019-03-13,0.9573294740804466,0.0
7356,2019-03-14,0.9373991340539156,1.0
7357,2019-03-15,-0.904902122686499,0.0
7358,2019-03-18,-0.7684904095576752,-1.0
7359,2019-03-19,-0.8853101783848726,0.0
7360,2019-03-20,-0.9614686407601984,0.0
7361,2019-03-21,-0.996662198211838,0.0
7362,2019-03-22,-0.9944200104477096,0.0
7363,2019-03-25,-0.9582712371757311,0.0
7364,2019-03-26,-0.8917450381038192,-1.0
7365,2019-03-27,-0.8008961400245139,0.0
7366,2019-03-28,-0.6876526294827738,0.0
7367,2019-03-29,-0.5569009920077355,0.0
7368,2019-04-01,-0.4088501655656365,0.0
7369,2019-04-02,-0.2469982277301356,0.0
7370,2019-04-03,-0.075392513024365,0.0
7371,2019-04-04,0.10063347915279786,0.0
7372,2019-04-05,0.2755225868198552,0.0
7373,2019-04-08,0.44220534932557376,0.0
7374,2019-04-09,0.5958985604429363,0.0
7375,2019-04-10,0.7323228734319849,0.0
7376,2019-04-11,0.8461993619001509,0.0
7377,2019-04-12,0.9322490994548698,0.0
7378,2019-04-15,0.985193159703572,0.0
7379,2019-04-16,0.9997526162536968,0.0
7380,2019-04-17,0.9668481680124824,0.0
7381,2019-04-18,0.8716984844923026,1.0
7382,2019-04-22,-0.19828826947490386,0.0
7383,2019-04-23,0.2207302586575588,0.0
7384,2019-04-24,0.5114786590759617,0.0
7385,2019-04-25,0.7142327437010219,0.0
7386,2019-04-26,0.8583157401473618,0.0
7387,2019-04-29,0.9496490052882932,0.0
7388,2019-04-30,0.994110157301908,0.0
7389,2019-05-01,0.9964021195196628,0.0
7390,2019-05-02,0.9517042665151808,0.0
7391,2019-05-03,0.8353146798335978,1.0
7392,2019-05-06,0.6872887729699424,0.0
7393,2019-05-07,0.5154782267816225,0.0
7394,2019-05-08,0.3277344351616009,0.0
7395,2019-05-09,0.13090674111057798,0.0
7396,2019-05-10,-0.07057072631874728,0.0
7397,2019-05-13,-0.26886242374542035,0.0
7398,2019-05-14,-0.4581094685409151,0.0
7399,2019-05-15,-0.6295449657293288,0.0
7400,2019-05-16,-0.7764974577710403,0.0
7401,2019-05-17,-0.8921063075638511,0.0
7402,2019-05-20,-0.9690643447939852,0.0
7403,2019-05-21,-1.0,0.0
7404,2019-05-22,-0.9776995792708486,0.0
7405,2019-05-23,-0.8979174354941857,-1.0
7406,2019-05-24,-0.750938166769511,0.0
7407,2019-05-28,-1.0,0.0
7408,2019-05-29,-0.8958854466119253,-1.0
7409,2019-05-30,-0.78454594337142,0.0
7410,2019-05-31,-0.6672627118037444,0.0
7411,2019-06-03,-0.545316973434159,0.0
7412,2019-06-04,-0.4199899497879236,0.0
7413,2019-06-05,-0.2925628623902983,0.0
7414,2019-06-06,-0.16431693276654324,0.0
7415,2019-06-07,-0.03653338244191906,0.0
7416,2019-06-10,0.08950656705831439,0.0
7417,2019-06-11,0.21252169420889705,0.0
7418,2019-06-12,0.3312307774845691,0.0
7419,2019-06-13,0.4443525953600693,0.0
7420,2019-06-14,0.5506059263101386,0.0
7421,2019-06-17,0.6487095488095163,0.0
7422,2019-06-18,0.7373822413329425,0.0
7423,2019-06-19,0.8153427823551569,0.0
7424,2019-06-20,0.8813099503508992,0.0
7425,2019-06-21,0.9340025237949092,0.0
7426,2019-06-24,0.9721392811619276,0.0
7427,2019-06-25,0.9944390009266928,0.0
7428,2019-06-26,0.9996204615639456,0.0
7429,2019-06-27,0.9864024415484258,0.0
7430,2019-06-28,0.9535037193548732,0.0
7431,2019-07-01,0.8996430734580276,1.0
7307,2019-01-02,-1.0,0.0
7308,2019-01-03,-0.7003984999477073,-1.0
7309,2019-01-04,-0.4956801973115624,0.0
7310,2019-01-07,-0.3699247718347399,0.0
7311,2019-01-08,-0.2998131630399723,0.0
7312,2019-01-09,-0.26202631044999103,0.0
7313,2019-01-10,-0.23324608398779845,0.0
7314,2019-01-11,-0.19528082460153373,0.0
7315,2019-01-14,-0.1470782590317613,0.0
7316,2019-01-15,-0.09116377872905213,0.0
7317,2019-01-16,-0.030062775143976705,0.0
7318,2019-01-17,0.033699360272895,0.0
7319,2019-01-18,0.09759866304310427,0.0
7320,2019-01-22,0.16026564197791915,0.0
7321,2019-01-23,0.22356691438536824,0.0
7322,2019-01-24,0.289931853093943,0.0
7323,2019-01-25,0.3617898309321341,0.0
7324,2019-01-28,0.4415702207284344,0.0
7325,2019-01-29,0.5316814122764031,0.0
7326,2019-01-30,0.628704239537907,0.0
7327,2019-01-31,0.7155296475428496,0.0
7328,2019-02-01,0.7868466544370933,0.0
7329,2019-02-04,0.8573713827375316,0.0
7330,2019-02-05,0.9224552128811079,0.0
7331,2019-02-06,0.974365031702551,1.0
7332,2019-02-07,-1.0,0.0
7333,2019-02-08,-0.5915184982188738,-1.0
7334,2019-02-11,-0.4459567645258972,0.0
7335,2019-02-12,-0.3811231532010208,0.0
7336,2019-02-13,-0.3313667574449226,0.0
7337,2019-02-14,-0.2755734038280846,0.0
7338,2019-02-15,-0.22471719986757588,0.0
7339,2019-02-19,-0.2486879527808058,0.0
7340,2019-02-20,-0.3419913965921586,0.0
7341,2019-02-21,-0.5214975146177716,0.0
7342,2019-02-22,-0.7687792660426185,0.0
7343,2019-02-25,-0.9499281100262204,0.0
7344,2019-02-26,-0.9100760872160486,0.0
7345,2019-02-27,-0.6159078385536336,-1.0
7346,2019-02-28,-0.371108201208417,0.0
7347,2019-03-01,-0.2498259932821701,0.0
7348,2019-03-04,-0.03190487782034812,0.0
7349,2019-03-05,-0.06032815462828923,0.0
7350,2019-03-06,-0.023435893036318992,0.0
7351,2019-03-07,-0.2715462334685549,0.0
7352,2019-03-08,-0.2674989753869119,0.0
7353,2019-03-11,0.4277091365754568,0.0
7354,2019-03-12,0.6421228916234367,0.0
7355,2019-03-13,0.7245155875575144,0.0
7356,2019-03-14,0.8920852444157346,1.0
7357,2019-03-15,-1.0,0.0
7358,2019-03-18,-0.8846558038405209,-1.0
7359,2019-03-19,-0.7796576980973667,0.0
7360,2019-03-20,-0.6537963026178554,0.0
7361,2019-03-21,-0.5131885063835754,0.0
7362,2019-03-22,-0.4523432521079739,0.0
7363,2019-03-25,-0.5116391872905337,0.0
7364,2019-03-26,-0.532392463204027,0.0
7365,2019-03-27,-0.4915108503746274,0.0
7366,2019-03-28,-0.4065731118322826,-1.0
7367,2019-03-29,-0.2951580106069386,0.0
7368,2019-04-01,-0.17484430972854215,0.0
7369,2019-04-02,-0.06319880209779905,0.0
7370,2019-04-03,0.031895997278200694,0.0
7371,2019-04-04,0.12970360981903514,0.0
7372,2019-04-05,0.25401542005194155,0.0
7373,2019-04-08,0.4002509641555174,0.0
7374,2019-04-09,0.4859334253272727,0.0
7375,2019-04-10,0.4802160085734766,0.0
7376,2019-04-11,0.4518887054672562,0.0
7377,2019-04-12,0.4459682787665367,0.0
7378,2019-04-15,0.5012508975608763,0.0
7379,2019-04-16,0.6315634203024499,0.0
7380,2019-04-17,0.7903788718575041,0.0
7381,2019-04-18,0.9322365962051646,1.0
7382,2019-04-22,0.6065338147403341,0.0
7383,2019-04-23,0.7878888610021401,0.0
7384,2019-04-24,0.910440913254028,0.0
7385,2019-04-25,0.9794059625639876,0.0
7386,2019-04-26,1.0,0.0
7387,2019-04-29,0.9774390166300546,0.0
7388,2019-04-30,0.9169390035221364,1.0
7389,2019-05-01,0.8237159517442314,0.0
7390,2019-05-02,0.7029858523643262,0.0
7391,2019-05-03,0.5599646964504024,0.0
7392,2019-05-06,0.3998684750704515,0.0
7393,2019-05-07,0.22791317929245625,0.0
7394,2019-05-08,0.049314800184403706,0.0
7395,2019-05-09,-0.13071067118572088,0.0
7396,2019-05-10,-0.30694724374993165,0.0
7397,2019-05-13,-0.4742297432722628,0.0
7398,2019-05-14,-0.6272966860929955,0.0
7399,2019-05-15,-0.7609062229706028,0.0
7400,2019-05-16,-0.8698419015940793,0.0
7401,2019-05-17,-0.948887269652424,0.0
7402,2019-05-20,-0.992825874834634,0.0
7403,2019-05-21,-0.9964412648297056,0.0
7404,2019-05-22,-0.9545205390924087,0.0
7405,2019-05-23,-0.8619374243440296,-1.0
7406,2019-05-24,-0.7134055001098784,0.0
7407,2019-05-28,-1.0,0.0
7408,2019-05-29,-0.7657970386504578,-1.0
7409,2019-05-30,-0.5522764787393306,0.0
7410,2019-05-31,-0.3483166457638923,0.0
7411,2019-06-03,-0.16772262081962064,0.0
7412,2019-06-04,-0.010120284090382348,0.0
7413,2019-06-05,0.12486456336188324,0.0
7414,2019-06-06,0.2380420793681872,0.0
7415,2019-06-07,0.3316799678217828,0.0
7416,2019-06-10,0.4083501798726965,0.0
7417,2019-06-11,0.4706246666709539,0.0
7418,2019-06-12,0.5210753793665817,0.0
7419,2019-06-13,0.5622738985350015,0.0
7420,2019-06-14,0.5964919961720283,0.0
7421,2019-06-17,0.6251610496965729,0.0
7422,2019-06-18,0.6495662928837229,0.0
7423,2019-06-19,0.6709929595085682,0.0
7424,2019-06-20,0.6907262833461953,0.0
7425,2019-06-21,0.7100533871389767,0.0
7426,2019-06-24,0.7307860108898281,0.0
7427,2019-06-25,0.7559741839127561,0.0
7428,2019-06-26,0.7888465219608389,0.0
7429,2019-06-27,0.8326316407871559,0.0
7430,2019-06-28,0.8905581561447846,0.0
7431,2019-07-01,0.9658546837868044,1.0
7307,2019-01-02,-1.0,0.0
7308,2019-01-03,-0.9093582927211652,-1.0
7309,2019-01-04,-0.8248899503784035,0.0
7310,2019-01-07,-0.7458901021925445,0.0
7311,2019-01-08,-0.6716538773844171,0.0
7312,2019-01-09,-0.6014764051748506,0.0
7313,2019-01-10,-0.5346528147846739,0.0
7314,2019-01-11,-0.4704782354347173,0.0
7315,2019-01-14,-0.40824779634580977,0.0
7316,2019-01-15,-0.3472566267387801,0.0
7317,2019-01-16,-0.2867998558344573,0.0
7318,2019-01-17,-0.2261726128536711,0.0
7319,2019-01-18,-0.16467002701725084,0.0
7320,2019-01-22,-0.10158722754602534,0.0
7321,2019-01-23,-0.03621934366082436,0.0
7322,2019-01-24,0.03213849541752345,0.0
7323,2019-01-25,0.10419116046818801,0.0
7324,2019-01-28,0.1806435222703404,0.0
7325,2019-01-29,0.262200451603152,0.0
7326,2019-01-30,0.3495668192457926,0.0
7327,2019-01-31,0.4434474959774337,0.0
7328,2019-02-01,0.5445473525772455,0.0
7329,2019-02-04,0.6535712598243988,0.0
7330,2019-02-05,0.7712240884980648,0.0
7331,2019-02-06,0.8982107093774137,1.0
7332,2019-02-07,-0.8165611281342471,0.0
7333,2019-02-08,-0.7659672814116049,-1.0
7334,2019-02-11,-0.7724356096168675,0.0
7335,2019-02-12,-0.7660638590607199,0.0
7336,2019-02-13,-0.7476430087575611,0.0
7337,2019-02-14,-0.7291815089424278,0.0
7338,2019-02-15,-0.7811979674172125,0.0
7339,2019-02-19,-0.8398864612115438,0.0
7340,2019-02-20,-0.8981789508462037,0.0
7341,2019-02-21,-0.9490073968419772,0.0
7342,2019-02-22,-0.985303759719648,0.0
7343,2019-02-25,-1.0,0.0
7344,2019-02-26,-0.986030904018462,0.0
7345,2019-02-27,-0.9386174468179188,-1.0
7346,2019-02-28,-0.8593890277566839,0.0
7347,2019-03-01,-0.7510894637611453,0.0
7348,2019-03-04,-0.6164625717576897,0.0
7349,2019-03-05,-0.458252168672705,0.0
7350,2019-03-06,-0.2792020714325781,0.0
7351,2019-03-07,-0.08205609696369565,0.0
7352,2019-03-08,0.13044193780755384,0.0
7353,2019-03-11,0.35554821595478336,0.0
7354,2019-03-12,0.5905189205516075,0.0
7355,2019-03-13,0.8326102346716362,0.0
7356,2019-03-14,0.9329772620036496,1.0
7357,2019-03-15,-0.9858895819039006,0.0
7358,2019-03-18,-0.9061709859011896,-1.0
7359,2019-03-19,-0.9658850481322394,0.0
7360,2019-03-20,-0.9957199857063206,0.0
7361,2019-03-21,-0.9975958363052784,0.0
7362,2019-03-22,-0.9739578216727354,0.0
7363,2019-03-25,-0.9272516352528848,-1.0
7364,2019-03-26,-0.8601165823359319,0.0
7365,2019-03-27,-0.7769909318148853,0.0
7366,2019-03-28,-0.677171604415479,0.0
7367,2019-03-29,-0.5632461631026059,0.0
7368,2019-04-01,-0.4378021708411501,0.0
7369,2019-04-02,-0.3034271905960045,0.0
7370,2019-04-03,-0.16270878533205624,0.0
7371,2019-04-04,-0.018234518014194845,0.0
7372,2019-04-05,0.1274080483926916,0.0
7373,2019-04-08,0.2705071195251885,0.0
7374,2019-04-09,0.40954742828871615,0.0
7375,2019-04-10,0.5423075875092422,0.0
7376,2019-04-11,0.6663419037425717,0.0
7377,2019-04-12,0.7792046835445143,0.0
7378,2019-04-15,0.8784429945999668,0.0
7379,2019-04-16,0.9615767437900218,0.0
7380,2019-04-17,0.9990146802136916,0.0
7381,2019-04-18,0.978512599735053,1.0
7382,2019-04-22,0.772735193570433,0.0
7383,2019-04-23,0.8980501479873839,0.0
7384,2019-04-24,0.9697554385521288,0.0
7385,2019-04-25,0.9985639947601456,0.0
7386,2019-04-26,0.99130931528668,0.0
7387,2019-04-29,0.951626093522739,0.0
7388,2019-04-30,0.8832052298173871,1.0
7389,2019-05-01,0.7897671637156496,0.0
7390,2019-05-02,0.6691914163558652,0.0
7391,2019-05-03,0.5269792655337737,0.0
7392,2019-05-06,0.3701239660602462,0.0
7393,2019-05-07,0.20269871688119867,0.0
7394,2019-05-08,0.029068875633052608,0.0
7395,2019-05-09,-0.1461872078734362,0.0
7396,2019-05-10,-0.31800641361328097,0.0
7397,2019-05-13,-0.4812290758974978,0.0
7398,2019-05-14,-0.6306955290371026,0.0
7399,2019-05-15,-0.7612461073431116,0.0
7400,2019-05-16,-0.8677224750041653,0.0
7401,2019-05-17,-0.9453356391629018,0.0
7402,2019-05-20,-0.9901683919115868,0.0
7403,2019-05-21,-0.9984292544175896,0.0
7404,2019-05-22,-0.9663267478482784,0.0
7405,2019-05-23,-0.890069393371023,-1.0
7406,2019-05-24,-0.765865712153192,0.0
7407,2019-05-28,-0.989378218862404,0.0
7408,2019-05-29,-0.9329736703535372,-1.0
7409,2019-05-30,-0.8415922143811598,0.0
7410,2019-05-31,-0.7362559684893994,0.0
7411,2019-06-03,-0.5239853024162409,0.0
7412,2019-06-04,-0.2915491467516532,0.0
7413,2019-06-05,-0.06424207786253433,0.0
7414,2019-06-06,0.13781570336677773,0.0
7415,2019-06-07,0.3118035413328153,0.0
7416,2019-06-10,0.4585118767339309,0.0
7417,2019-06-11,0.5787311502684778,0.0
7418,2019-06-12,0.6510488997914037,0.0
7419,2019-06-13,0.6854699684366325,0.0
7420,2019-06-14,0.7166933957771621,0.0
7421,2019-06-17,0.7451728801083142,0.0
7422,2019-06-18,0.7713633253808436,0.0
7423,2019-06-19,0.7957190982869156,0.0
7424,2019-06-20,0.8186944302985439,0.0
7425,2019-06-21,0.8271569468901259,0.0
7426,2019-06-24,0.8281147771811539,0.0
7427,2019-06-25,0.8375912112835295,0.0
7428,2019-06-26,0.8601832884151983,0.0
7429,2019-06-27,0.9004877753043548,0.0
7430,2019-06-28,0.9529932945445064,0.0
7431,2019-07-01,0.9790234366695034,1.0
7307,2019-01-02,-1.0,0.0
7308,2019-01-03,-0.8640377555864918,-1.0
7309,2019-01-04,-0.7425537325571662,0.0
7310,2019-01-07,-0.6342511845069522,0.0
7311,2019-01-08,-0.5378333650307767,0.0
7312,2019-01-09,-0.4520035277235685,0.0
7313,2019-01-10,-0.37546492618025495,0.0
7314,2019-01-11,-0.3069208139957645,0.0
7315,2019-01-14,-0.24507444476502505,0.0
7316,2019-01-15,-0.1886290720829644,0.0
7317,2019-01-16,-0.13628794954451073,0.0
7318,2019-01-17,-0.0867543307445916,0.0
7319,2019-01-18,-0.03873146927813553,0.0
7320,2019-01-22,0.009077381259929629,0.0
7321,2019-01-23,0.05796896727467615,0.0
7322,2019-01-24,0.1092400351711762,0.0
7323,2019-01-25,0.16418733135450106,0.0
7324,2019-01-28,0.22410760222972329,0.0
7325,2019-01-29,0.29029759420191503,0.0
7326,2019-01-30,0.3640540536761476,0.0
7327,2019-01-31,0.44667372705749386,0.0
7328,2019-02-01,0.5394533607510255,0.0
7329,2019-02-04,0.6436897011618143,0.0
7330,2019-02-05,0.7606794946949325,0.0
7331,2019-02-06,0.8917194877554515,1.0
7332,2019-02-07,-1.0,0.0
7333,2019-02-08,-0.8937276734093118,-1.0
7334,2019-02-11,-0.8008260749388201,0.0
7335,2019-02-12,-0.7198148040724011,0.0
7336,2019-02-13,-0.6492134602939301,0.0
7337,2019-02-14,-0.5875416430872833,0.0
7338,2019-02-15,-0.5333189519363358,0.0
7339,2019-02-19,-0.4850649863249646,0.0
7340,2019-02-20,-0.4412993457370443,0.0
7341,2019-02-21,-0.4005416296564509,0.0
7342,2019-02-22,-0.3613114375670612,0.0
7343,2019-02-25,-0.32212836895275,0.0
7344,2019-02-26,-0.2815120232973927,0.0
7345,2019-02-27,-0.2379820000848659,0.0
7346,2019-02-28,-0.1900578987990452,0.0
7347,2019-03-01,-0.13625931892380616,0.0
7348,2019-03-04,-0.07510585994302454,0.0
7349,2019-03-05,-0.005117121340576514,0.0
7350,2019-03-06,0.07518729739966258,0.0
7351,2019-03-07,0.16728779679381667,0.0
7352,2019-03-08,0.27266477735800976,0.0
7353,2019-03-11,0.3927986396083665,0.0
7354,2019-03-12,0.5291697840610121,0.0
7355,2019-03-13,0.6832586112320684,0.0
7356,2019-03-14,0.8565455216376605,1.0
7357,2019-03-15,-0.7729671414316734,0.0
7358,2019-03-18,-0.7120009213952322,-1.0
7359,2019-03-19,-0.6520461815266005,0.0
7360,2019-03-20,-0.7541623412826003,0.0
7361,2019-03-21,-0.8142172300407834,0.0
7362,2019-03-22,-0.9436730082462204,0.0
7363,2019-03-25,-0.9998429166942886,0.0
7364,2019-03-26,-0.9739206530001562,0.0
7365,2019-03-27,-0.8864091754330747,-1.0
7366,2019-03-28,-0.7530881013655868,0.0
7367,2019-03-29,-0.5668630447575667,0.0
7368,2019-04-01,-0.3674962204294715,0.0
7369,2019-04-02,-0.3468691727423553,0.0
7370,2019-04-03,-0.3215704026085869,0.0
7371,2019-04-04,-0.2726537312581916,0.0
7372,2019-04-05,-0.2263677687392381,0.0
7373,2019-04-08,-0.1984826181395765,0.0
7374,2019-04-09,-0.17783047772297167,0.0
7375,2019-04-10,-0.14898200843553533,0.0
7376,2019-04-11,-0.09883801572680406,0.0
7377,2019-04-12,-0.01923257401626177,0.0
7378,2019-04-15,0.0977551804991088,0.0
7379,2019-04-16,0.25977622179241266,0.0
7380,2019-04-17,0.4744815238367512,0.0
7381,2019-04-18,0.7495220606052286,1.0
7382,2019-04-22,1.0,0.0
7383,2019-04-23,0.930135170809947,1.0
7384,2019-04-24,0.892392124792178,0.0
7385,2019-04-25,0.8957641629622419,0.0
7386,2019-04-26,0.9208963169899872,0.0
7387,2019-04-29,0.940908198913108,0.0
7388,2019-04-30,0.9289209400685724,0.0
7389,2019-05-01,0.800355019474152,1.0
7390,2019-05-02,0.6010247108357103,0.0
7391,2019-05-03,0.3618350796993586,0.0
7392,2019-05-06,0.10665289876154427,0.0
7393,2019-05-07,-0.14065505928128594,0.0
7394,2019-05-08,-0.3562305274297022,0.0
7395,2019-05-09,-0.5230966625974978,0.0
7396,2019-05-10,-0.6435659674057732,0.0
7397,2019-05-13,-0.7233132681776469,0.0
7398,2019-05-14,-0.7684940545097221,0.0
7399,2019-05-15,-0.7802058751265629,0.0
7400,2019-05-16,-0.8097157441862765,0.0
7401,2019-05-17,-0.8647846092339455,0.0
7402,2019-05-20,-0.9285012434595988,0.0
7403,2019-05-21,-0.980396192002022,0.0
7404,2019-05-22,-1.0,0.0
7405,2019-05-23,-0.9497600110541204,-1.0
7406,2019-05-24,-0.8196395155585658,0.0
7407,2019-05-28,-1.0,0.0
7408,2019-05-29,-0.8898181319093272,-1.0
7409,2019-05-30,-0.7523818842985958,0.0
7410,2019-05-31,-0.6012512686244369,0.0
7411,2019-06-03,-0.4534025984734377,0.0
7412,2019-06-04,-0.309397826800668,0.0
7413,2019-06-05,-0.16981565282587896,0.0
7414,2019-06-06,-0.03523477576881995,0.0
7415,2019-06-07,0.093766105150759,0.0
7416,2019-06-10,0.2166082907131075,0.0
7417,2019-06-11,0.3327130816984747,0.0
7418,2019-06-12,0.4415017788871105,0.0
7419,2019-06-13,0.5423956830592653,0.0
7420,2019-06-14,0.6348160949951884,0.0
7421,2019-06-17,0.7181843154751313,0.0
7422,2019-06-18,0.7919216452793405,0.0
7423,2019-06-19,0.8554493851880696,0.0
7424,2019-06-20,0.9081888359815652,0.0
7425,2019-06-21,0.94956129844008,0.0
7426,2019-06-24,0.9789880733438618,0.0
7427,2019-06-25,0.9958904614731608,0.0
7428,2019-06-26,0.9996897636082268,0.0
7429,2019-06-27,0.9898072805293101,0.0
7430,2019-06-28,0.9656643130166596,0.0
7431,2019-07-01,0.9266821618505272,1.0
7307,2019-01-02,-1.0,0.0
7308,2019-01-03,-0.8931288644760613,-1.0
7309,2019-01-04,-0.7945961491703816,0.0
7310,2019-01-07,-0.7035917041933036,0.0
7311,2019-01-08,-0.6193053796551689,0.0
7312,2019-01-09,-0.5409270256663192,0.0
7313,2019-01-10,-0.4676464923370972,0.0
7314,2019-01-11,-0.3986536297778446,0.0
7315,2019-01-14,-0.3331382880989038,0.0
7316,2019-01-15,-0.27029031741061593,0.0
7317,2019-01-16,-0.20929956782332385,0.0
7318,2019-01-17,-0.14935588944736902,0.0
7319,2019-01-18,-0.0896491323930938,0.0
7320,2019-01-22,-0.029369146770840127,0.0
7321,2019-01-23,0.032294217309050355,0.0
7322,2019-01-24,0.09615110973623507,0.0
7323,2019-01-25,0.16301168040037206,0.0
7324,2019-01-28,0.2336860791911197,0.0
7325,2019-01-29,0.30898445599813584,0.0
7326,2019-01-30,0.3897169607110782,0.0
7327,2019-01-31,0.476693743219605,0.0
7328,2019-02-01,0.5707249534133743,0.0
7329,2019-02-04,0.6726207411820437,0.0
7330,2019-02-05,0.7831912564152714,0.0
7331,2019-02-06,0.9032466490027152,1.0
7332,2019-02-07,-0.961118856494964,0.0
7333,2019-02-08,-0.9005654401953189,-1.0
7334,2019-02-11,-0.7066038465428603,0.0
7335,2019-02-12,-0.5760667113426094,0.0
7336,2019-02-13,-0.6451986843583367,0.0
7337,2019-02-14,-0.8250494528537613,0.0
7338,2019-02-15,-0.974923681594778,0.0
7339,2019-02-19,-0.9915488759236594,0.0
7340,2019-02-20,-0.8956898191002255,-1.0
7341,2019-02-21,-0.7299584397845662,0.0
7342,2019-02-22,-0.5386067634086826,0.0
7343,2019-02-25,-0.3658868154045771,0.0
7344,2019-02-26,-0.25548089060866463,0.0
7345,2019-02-27,-0.2259304354473872,0.0
7346,2019-02-28,-0.2270678195168455,0.0
7347,2019-03-01,-0.19602848018566887,0.0
7348,2019-03-04,-0.09917817552176134,0.0
7349,2019-03-05,0.028719499721889138,0.0
7350,2019-03-06,0.1736962024392017,0.0
7351,2019-03-07,0.3630802096886765,0.0
7352,2019-03-08,0.5611368950543871,0.0
7353,2019-03-11,0.7303656592103402,0.0
7354,2019-03-12,0.8523103307350854,0.0
7355,2019-03-13,0.9139583858588972,0.0
7356,2019-03-14,0.9912070844921701,1.0
7357,2019-03-15,-0.7533137884237443,0.0
7358,2019-03-18,-0.7399451401549155,0.0
7359,2019-03-19,-0.7456752834025002,0.0
7360,2019-03-20,-0.7031768100763581,-1.0
7361,2019-03-21,-0.6060787620351509,0.0
7362,2019-03-22,-0.6280220678031656,0.0
7363,2019-03-25,-0.8340470277677907,0.0
7364,2019-03-26,-0.9706008855737941,0.0
7365,2019-03-27,-0.9978556102829816,0.0
7366,2019-03-28,-0.9393764194224136,-1.0
7367,2019-03-29,-0.8187285305191461,0.0
7368,2019-04-01,-0.6594771611002413,0.0
7369,2019-04-02,-0.4851825027653455,0.0
7370,2019-04-03,-0.3153385856973906,0.0
7371,2019-04-04,-0.15804156745032527,0.0
7372,2019-04-05,-0.0194055287256314,0.0
7373,2019-04-08,0.09445544977520548,0.0
7374,2019-04-09,0.17742728735070545,0.0
7375,2019-04-10,0.22337656276005347,0.0
7376,2019-04-11,0.23368450083305906,0.0
7377,2019-04-12,0.23631280480107675,0.0
7378,2019-04-15,0.2594637485553737,0.0
7379,2019-04-16,0.3313396059872113,0.0
7380,2019-04-17,0.4779494602733869,0.0
7381,2019-04-18,0.7276610493051501,1.0
7382,2019-04-22,-1.0,0.0
7383,2019-04-23,-0.4504438332082734,-1.0
7384,2019-04-24,0.0034385903606766197,0.0
7385,2019-04-25,0.36620664927142177,0.0
7386,2019-04-26,0.6424197220885159,0.0
7387,2019-04-29,0.8366371873765277,0.0
7388,2019-04-30,0.9534186690729702,0.0
7389,2019-05-01,0.9986757869623152,0.0
7390,2019-05-02,0.9828403031057312,0.0
7391,2019-05-03,0.9172875112465226,1.0
7392,2019-05-06,0.8133927051279877,0.0
7393,2019-05-07,0.6825311784934309,0.0
7394,2019-05-08,0.5360771429343374,0.0
7395,2019-05-09,0.3830967309201547,0.0
7396,2019-05-10,0.2298784697163021,0.0
7397,2019-05-13,0.0903044689385626,0.0
7398,2019-05-14,-0.029508204719361438,0.0
7399,2019-05-15,-0.12536319161564902,0.0
7400,2019-05-16,-0.19336640884629164,0.0
7401,2019-05-17,-0.23099735690168,0.0
7402,2019-05-20,-0.2310302586929885,0.0
7403,2019-05-21,-0.18536074032702188,0.0
7404,2019-05-22,-0.08716943759411289,0.0
7405,2019-05-23,0.07036301371540367,0.0
7406,2019-05-24,0.28697046808862714,0.0
7307,2019-01-02,-1.0,0.0
7308,2019-01-03,-0.9065841840450636,-1.0
7309,2019-01-04,-0.8201087534983557,0.0
7310,2019-01-07,-0.7401858028935391,0.0
7311,2019-01-08,-0.6670801197249245,0.0
7312,2019-01-09,-0.5998049870750229,0.0
7313,2019-01-10,-0.5373736880263441,0.0
7314,2019-01-11,-0.478799505661398,0.0
7315,2019-01-14,-0.4230957230626953,0.0
7316,2019-01-15,-0.3691943175740542,0.0
7317,2019-01-16,-0.3155352256941005,0.0
7318,2019-01-17,-0.2620510671945433,0.0
7319,2019-01-18,-0.2078933459942408,0.0
7320,2019-01-22,-0.15221356601204986,0.0
7321,2019-01-23,-0.09389527518214967,0.0
7322,2019-01-24,-0.030656217257432394,0.0
7323,2019-01-25,0.03760617624096008,0.0
7324,2019-01-28,0.11187862223051814,0.0
7325,2019-01-29,0.19314783762873167,0.0
7326,2019-01-30,0.2824005393530902,0.0
7327,2019-01-31,0.3806234443210837,0.0
7328,2019-02-01,0.4888032694502016,0.0
7329,2019-02-04,0.607926731657934,0.0
7330,2019-02-05,0.7389805478617717,0.0
7331,2019-02-06,0.8829514349792025,1.0
7332,2019-02-07,-1.0,0.0
7333,2019-02-08,-0.7002978547671812,-1.0
7334,2019-02-11,-0.8226971265495752,0.0
7335,2019-02-12,-0.6094775189416023,-1.0
7336,2019-02-13,-0.7024876311111532,0.0
7337,2019-02-14,-0.5141751399972263,0.0
7338,2019-02-15,-0.6381431535509958,0.0
7339,2019-02-19,-0.463573893348171,-1.0
7340,2019-02-20,-0.6287500385938869,0.0
7341,2019-02-21,-0.47702893642115285,0.0
7342,2019-02-22,-0.4797239597161035,0.0
7343,2019-02-25,-0.5337049950542888,0.0
7344,2019-02-26,-0.48025410555255177,0.0
7345,2019-02-27,-0.4556803377405615,0.0
7346,2019-02-28,-0.4655528271113131,0.0
7347,2019-03-01,-0.4832069613264457,0.0
7348,2019-03-04,-0.4783135069907819,0.0
7349,2019-03-05,-0.4219120507404541,-1.0
7350,2019-03-06,-0.2855280217671009,0.0
7351,2019-03-07,-0.1129783523933402,0.0
7352,2019-03-08,-0.11905144190310002,0.0
7353,2019-03-11,-0.23050813734021713,0.0
7354,2019-03-12,-0.06321918157813033,0.0
7355,2019-03-13,0.016397099744521082,0.0
7356,2019-03-14,0.31913946526775283,1.0
