,Date,trade_spline,trade_signal
5443,2019-01-02,-1.0,0.0
5444,2019-01-03,-0.8689320609663213,-1.0
5445,2019-01-04,-0.701944069263473,0.0
5446,2019-01-07,-0.5474051451497218,0.0
5447,2019-01-08,-0.4634398964426183,0.0
5448,2019-01-09,-0.6316976592223152,0.0
5449,2019-01-10,-0.6834265864763781,0.0
5450,2019-01-11,-0.720097066347953,0.0
5451,2019-01-14,-0.4604578112838791,-1.0
5452,2019-01-15,-0.20184024078516472,0.0
5453,2019-01-16,-0.03252795983327361,0.0
5454,2019-01-17,0.016291975838251815,0.0
5455,2019-01-18,-0.23375159889436714,0.0
5456,2019-01-22,-0.2867963073151769,0.0
5457,2019-01-23,-0.12074063786826716,0.0
5458,2019-01-24,0.22104198977681455,0.0
5459,2019-01-25,0.17582269073985368,0.0
5460,2019-01-28,0.09042543792711233,0.0
5461,2019-01-29,0.39368759659482544,0.0
5462,2019-01-30,0.6655095076333686,0.0
5463,2019-01-31,0.5961533390151814,1.0
5464,2019-02-01,0.6164464243096603,0.0
5465,2019-02-04,0.8775918171926094,0.0
5466,2019-02-05,0.9010798585257034,0.0
5467,2019-02-06,0.9954208020349913,1.0
