,Date,trade_spline,trade_signal
1665,2019-01-02,-0.8483439729764318,0.0
1666,2019-01-03,-0.951348386317868,0.0
1667,2019-01-04,-0.7093216328653952,-1.0
1668,2019-01-07,-0.4900401545589729,0.0
1669,2019-01-08,-0.5492626327908334,0.0
1670,2019-01-09,-0.7363151761763059,0.0
1671,2019-01-10,-0.8092084618171271,0.0
1672,2019-01-11,-0.6440119626873324,0.0
1673,2019-01-14,-0.5140363150841882,-1.0
1674,2019-01-15,-0.6341338115406707,0.0
1675,2019-01-16,-0.8277132761605219,0.0
1676,2019-01-17,-0.8748294795884581,0.0
1677,2019-01-18,-0.7845441734158318,-1.0
1678,2019-01-22,-0.9228710758485896,0.0
1679,2019-01-23,-0.9841684390177312,0.0
1680,2019-01-24,-0.7569124434440742,-1.0
1681,2019-01-25,-0.6363921257713647,0.0
1682,2019-01-28,-0.7780895121063798,0.0
1683,2019-01-29,-0.4934646252068504,-1.0
1684,2019-01-30,0.22321131297460384,0.0
1685,2019-01-31,0.2007046982203029,0.0
1686,2019-02-01,-0.13836374429406606,0.0
1687,2019-02-04,0.2504433059808249,0.0
1688,2019-02-05,0.4633662460291938,0.0
1689,2019-02-06,0.8167973999367473,1.0
1690,2019-02-07,0.7616437692463816,0.0
1691,2019-02-08,0.5968131739981699,1.0
1692,2019-02-11,0.22892757342136605,0.0
1693,2019-02-12,-0.1267907627570546,0.0
1694,2019-02-13,-0.4351174407841135,0.0
1695,2019-02-14,-0.6668574037544408,0.0
1696,2019-02-15,-0.7910978255216561,0.0
1697,2019-02-19,-0.7336374938406098,-1.0
1698,2019-02-20,-0.6319193194439541,0.0
1699,2019-02-21,-0.9947149237483837,0.0
1700,2019-02-22,-0.7668773556274624,-1.0
1701,2019-02-25,-0.27698973725345,0.0
1702,2019-02-26,-0.3171919875516417,0.0
1703,2019-02-27,-0.9463217229709194,0.0
1704,2019-02-28,-0.6359292919722005,-1.0
1705,2019-03-01,-0.2775873271889696,0.0
1706,2019-03-04,0.0015730379242069326,0.0
1707,2019-03-05,0.1502190304836497,0.0
1708,2019-03-06,0.08731733887305348,1.0
1709,2019-03-07,-0.15659363463131304,0.0
1710,2019-03-08,-0.05530724176486912,0.0
1711,2019-03-11,0.46089311988946546,0.0
1712,2019-03-12,0.3940264326437697,1.0
1713,2019-03-13,0.8732036131387066,0.0
1714,2019-03-14,-0.4295984741435017,1.0
