,Date,trade_spline,trade_signal
3617,2019-01-02,-0.8696087356793544,0.0
3618,2019-01-03,-0.870497802892264,0.0
3619,2019-01-04,-0.7880896148867104,-1.0
3620,2019-01-07,-0.6588412687459684,0.0
3621,2019-01-08,-0.6185486915020056,0.0
3622,2019-01-09,-0.6722809319069121,0.0
3623,2019-01-10,-0.8161861970630183,0.0
3624,2019-01-11,-0.9840197784267612,0.0
3625,2019-01-14,-0.9336510973503542,-1.0
3626,2019-01-15,-0.6333084883179371,0.0
3627,2019-01-16,-0.4035068756944988,0.0
3628,2019-01-17,-0.2956809463734348,0.0
3629,2019-01-18,-0.4375809687415553,0.0
3630,2019-01-22,-1.0,0.0
3631,2019-01-23,-0.5291147973068355,-1.0
3632,2019-01-24,-0.2277366329432792,0.0
3633,2019-01-25,-0.233278858522582,0.0
3634,2019-01-28,-0.9287357802017524,0.0
3635,2019-01-29,-0.8783770741719898,-1.0
3636,2019-01-30,-0.4327110957890736,0.0
3637,2019-01-31,0.12135577653533325,0.0
3638,2019-02-01,0.7377233113428907,0.0
3639,2019-02-04,0.9054584729692036,0.0
3640,2019-02-05,0.9617031332732212,0.0
3641,2019-02-06,0.9919714234394024,1.0
3642,2019-02-07,-0.8364850952197765,0.0
3643,2019-02-08,-0.6803283412710177,-1.0
3644,2019-02-11,-0.5175974210922958,0.0
3645,2019-02-12,0.03423627193192669,0.0
3646,2019-02-13,-0.08249697012624313,0.0
3647,2019-02-14,-0.5862863713199422,0.0
3648,2019-02-15,-0.7743241166235943,0.0
3649,2019-02-19,-0.3634290712173263,-1.0
3650,2019-02-20,-0.3015558819803327,0.0
3651,2019-02-21,-0.9702191133784974,0.0
3652,2019-02-22,-0.8996905639435506,-1.0
3653,2019-02-25,-0.8952910190329829,0.0
3654,2019-02-26,-0.9908013346552192,0.0
3655,2019-02-27,-0.8649028623739745,-1.0
3656,2019-02-28,-0.33001621297674666,0.0
3657,2019-03-01,0.11724769492426113,0.0
3658,2019-03-04,0.3639337851194895,0.0
3659,2019-03-05,0.32349489616582194,0.0
3660,2019-03-06,0.13303653220182787,0.0
3661,2019-03-07,0.10070898177429302,0.0
3662,2019-03-08,0.612976007720156,0.0
3663,2019-03-11,0.9163823076568608,0.0
3664,2019-03-12,0.9901859322429944,0.0
3665,2019-03-13,0.878485412847082,1.0
3666,2019-03-14,0.6963720470776953,0.0
3667,2019-03-15,-1.0,0.0
3668,2019-03-18,-0.5323662670813907,-1.0
3669,2019-03-19,0.2150630075423008,0.0
3670,2019-03-20,0.9057983412768676,0.0
3671,2019-03-21,0.9042731337711738,0.0
3672,2019-03-22,0.29466458518537,1.0
3673,2019-03-25,-0.34924215003039805,0.0
3674,2019-03-26,-0.5671370042754247,0.0
3675,2019-03-27,-0.8277490951345517,0.0
3676,2019-03-28,-0.7767087596823284,-1.0
3677,2019-03-29,-0.4376162986415505,0.0
3678,2019-04-01,0.09831714720721753,0.0
3679,2019-04-02,0.19176809031462105,0.0
3680,2019-04-03,0.2549011715056817,0.0
3681,2019-04-04,0.006635586485929546,0.0
3682,2019-04-05,-0.3715739395892173,0.0
3683,2019-04-08,-0.7233999966920877,0.0
3684,2019-04-09,-0.9253212009726746,0.0
3685,2019-04-10,-0.7572338382824992,-1.0
3686,2019-04-11,-0.3865119304031561,0.0
3687,2019-04-12,0.10726498921787543,0.0
3688,2019-04-15,0.2985989629525703,0.0
3689,2019-04-16,0.5459580053658257,0.0
3690,2019-04-17,0.7632296646209615,0.0
3691,2019-04-18,0.9265068969378822,1.0
3692,2019-04-22,-0.4816090217978412,0.0
3693,2019-04-23,-0.2897548547519264,-1.0
3694,2019-04-24,0.2933081731569305,0.0
3695,2019-04-25,0.2553763428273061,0.0
3696,2019-04-26,0.2262181544571153,1.0
3697,2019-04-29,0.9769156672427984,0.0
3698,2019-04-30,0.823135075759809,1.0
3699,2019-05-01,0.6006978012215622,0.0
3700,2019-05-02,0.19602573819162614,0.0
3701,2019-05-03,0.0277907183072299,0.0
3702,2019-05-06,0.20997652145233592,0.0
3703,2019-05-07,0.4627788753565769,0.0
3704,2019-05-08,0.40243669917115454,1.0
3705,2019-05-09,0.15677917934859176,0.0
3706,2019-05-10,0.2385004273360316,0.0
3707,2019-05-13,-0.32125216394512035,0.0
3708,2019-05-14,-0.983629546985389,0.0
3709,2019-05-15,-0.7320331365530333,-1.0
3710,2019-05-16,-0.561490544711114,0.0
3711,2019-05-17,0.17398367299590498,1.0
3712,2019-05-20,0.2311047738350289,0.0
3713,2019-05-21,-0.3644505650680703,0.0
3714,2019-05-22,-0.2525944157732568,0.0
3715,2019-05-23,-0.7578773139251087,0.0
3716,2019-05-24,-0.3495055141861144,1.0
3717,2019-05-28,-0.6212140437871828,0.0
3718,2019-05-29,-0.7800442559679808,0.0
3719,2019-05-30,-0.8791500825401313,0.0
3720,2019-05-31,-0.9603500604158047,0.0
3721,2019-06-03,-0.9205619375771557,0.0
3722,2019-06-04,-0.8633044591780645,-1.0
3723,2019-06-05,-0.7888694137343806,0.0
3724,2019-06-06,-0.7196100990669279,0.0
3725,2019-06-07,-0.6880464818521352,0.0
3726,2019-06-10,-0.7266908780216645,0.0
3727,2019-06-11,-0.8072773993609117,0.0
3728,2019-06-12,-0.8320862825142714,0.0
3729,2019-06-13,-0.7719255499189741,-1.0
3730,2019-06-14,-0.3785184642748882,0.0
3731,2019-06-17,0.8306888622655579,0.0
3732,2019-06-18,0.9668292936415315,0.0
3733,2019-06-19,1.0,0.0
3734,2019-06-20,0.9248366224032776,1.0
3735,2019-06-21,0.8444407907201419,0.0
3736,2019-06-24,0.6316356692399938,0.0
3737,2019-06-25,0.1066638392397643,0.0
3738,2019-06-26,-1.0,0.0
3739,2019-06-27,-0.4426805657681322,-1.0
3740,2019-06-28,0.8933772040143546,0.0
3741,2019-07-01,0.1955607808826756,1.0
