,Date,trade_spline,trade_signal
7307,2019-01-02,-0.3927024450102018,0.0
7308,2019-01-03,-1.0,0.0
7309,2019-01-04,-0.7166847268996742,-1.0
7310,2019-01-07,-0.17673795015012714,0.0
7311,2019-01-08,0.11944341736105613,0.0
7312,2019-01-09,0.1947366133146129,0.0
7313,2019-01-10,0.19592883727817667,0.0
7314,2019-01-11,0.2308714400307024,0.0
7315,2019-01-14,0.29127681797985017,0.0
7316,2019-01-15,0.35222707641203543,0.0
7317,2019-01-16,0.3841737784818984,0.0
7318,2019-01-17,0.3556771679383184,0.0
7319,2019-01-18,0.2436400086491585,1.0
7320,2019-01-22,0.08527134815328141,0.0
7321,2019-01-23,0.11505686380005707,0.0
7322,2019-01-24,0.04873885856137106,0.0
7323,2019-01-25,-0.5700084468384274,0.0
7324,2019-01-28,-0.5101813588869706,-1.0
7325,2019-01-29,-0.6854888623768112,0.0
7326,2019-01-30,-0.6215960232468452,-1.0
7327,2019-01-31,-0.3245419015737803,0.0
7328,2019-02-01,0.0966331972291723,0.0
7329,2019-02-04,0.537926274985874,0.0
7330,2019-02-05,0.8840009300840249,0.0
7331,2019-02-06,0.98243997258202,1.0
7332,2019-02-07,-1.0,0.0
7333,2019-02-08,-0.6771226048681223,-1.0
7334,2019-02-11,-0.39343234679979744,0.0
7335,2019-02-12,-0.14644244240127854,0.0
7336,2019-02-13,0.06633389172118154,0.0
7337,2019-02-14,0.2473834389613303,0.0
7338,2019-02-15,0.3991929827129137,0.0
7339,2019-02-19,0.5242493063696778,0.0
7340,2019-02-20,0.6067192460106197,0.0
7341,2019-02-21,0.6736336436188057,0.0
7342,2019-02-22,0.7294590238351888,0.0
7343,2019-02-25,0.7753289734194555,0.0
7344,2019-02-26,0.8123770791312934,0.0
7345,2019-02-27,0.8417369277303891,0.0
7346,2019-02-28,0.8594432143868587,0.0
7347,2019-03-01,0.8599979794599639,0.0
7348,2019-03-04,0.8561805749819738,0.0
7349,2019-03-05,0.8504777843466331,0.0
7350,2019-03-06,0.8453763909476897,0.0
7351,2019-03-07,0.8433631781788911,0.0
7352,2019-03-08,0.8469249294339822,0.0
7353,2019-03-11,0.8585484281067106,0.0
7354,2019-03-12,0.8807204575908252,0.0
7355,2019-03-13,0.9159278012800699,0.0
7356,2019-03-14,0.966657242568193,1.0
7357,2019-03-15,0.9890515855912024,0.0
7358,2019-03-18,0.38306614872646105,1.0
7359,2019-03-19,-0.1381467472685497,0.0
7360,2019-03-20,-0.3474537707387694,0.0
7361,2019-03-21,-0.5496814235805514,0.0
7362,2019-03-22,-0.91759456399639,0.0
7363,2019-03-25,-0.8081360738539018,-1.0
7364,2019-03-26,-0.7443474976012305,0.0
7365,2019-03-27,-0.9823670547425372,0.0
7366,2019-03-28,-0.9321545137521908,-1.0
7367,2019-03-29,-0.84704131897853,0.0
7368,2019-04-01,-0.9929370936871648,0.0
7369,2019-04-02,-0.9329988194679252,-1.0
7370,2019-04-03,-0.8282873783520164,0.0
7371,2019-04-04,-0.8754486140918849,0.0
7372,2019-04-05,-0.8290195883367196,0.0
7373,2019-04-08,-0.6866688641578491,0.0
7374,2019-04-09,-0.3957233136042523,0.0
7375,2019-04-10,-0.1049560613105307,0.0
7376,2019-04-11,0.1559877011366626,0.0
7377,2019-04-12,0.2791770592575145,0.0
7378,2019-04-15,0.4879564348932772,0.0
7379,2019-04-16,0.9549303515349892,0.0
7380,2019-04-17,0.9339516204977388,0.0
7381,2019-04-18,0.6726202134073651,1.0
7382,2019-04-22,1.0,0.0
7383,2019-04-23,0.8913561695044128,1.0
7384,2019-04-24,0.6627546364539629,0.0
7385,2019-04-25,0.3999623506528698,0.0
7386,2019-04-26,0.15679054058313535,0.0
7387,2019-04-29,-0.05138470864737177,0.0
7388,2019-04-30,-0.2179693620845473,0.0
7389,2019-05-01,-0.34019188247069065,0.0
7390,2019-05-02,-0.4280605302662763,0.0
7391,2019-05-03,-0.4942512129438149,0.0
7392,2019-05-06,-0.5514398379758182,0.0
7393,2019-05-07,-0.6123023128347971,0.0
7394,2019-05-08,-0.6895036492670523,0.0
7395,2019-05-09,-0.7868938129691205,0.0
7396,2019-05-10,-0.8836132803190505,0.0
7397,2019-05-13,-0.9545304055823868,0.0
7398,2019-05-14,-0.9856031193953378,0.0
7399,2019-05-15,-0.9912981804119302,0.0
7400,2019-05-16,-0.9905743819820946,0.0
7401,2019-05-17,-0.9951671203692704,0.0
7402,2019-05-20,-0.999761923152386,0.0
7403,2019-05-21,-0.9965853809658508,0.0
7404,2019-05-22,-0.977864084444076,0.0
7405,2019-05-23,-0.9358246242214706,-1.0
7406,2019-05-24,-0.8626935909324456,0.0
7407,2019-05-28,-0.9879681821936709,0.0
7408,2019-05-29,-0.9320894445304393,-1.0
7409,2019-05-30,-0.8069214933939768,0.0
7410,2019-05-31,-0.8746907899012191,0.0
7411,2019-06-03,-0.9750501761068878,0.0
7412,2019-06-04,-0.8620376973411071,-1.0
7413,2019-06-05,-0.8788530698745946,0.0
7414,2019-06-06,-0.8808684854323497,0.0
7415,2019-06-07,-0.7911438065027825,0.0
7416,2019-06-10,-0.6773096141715051,-1.0
7417,2019-06-11,-0.7174818048969884,0.0
7418,2019-06-12,-0.833523701821872,0.0
7419,2019-06-13,-0.7593395629022095,-1.0
7420,2019-06-14,-0.9016782358286086,0.0
7421,2019-06-17,-0.7673055982966677,-1.0
7422,2019-06-18,-0.3655550189213207,0.0
7423,2019-06-19,-0.4300155866826507,0.0
7424,2019-06-20,-0.35981124081208704,0.0
7425,2019-06-21,-0.3208980320528705,0.0
7426,2019-06-24,-0.2345494532176493,0.0
7427,2019-06-25,-0.24802794731993905,0.0
7428,2019-06-26,0.348168540730901,0.0
7429,2019-06-27,0.2519083000644693,0.0
7430,2019-06-28,0.6417827354868286,0.0
7431,2019-07-01,1.0,1.0
