,Date,trade_spline,trade_signal
7307,2019-01-02,-0.2958873789550889,0.0
7308,2019-01-03,-1.0,0.0
7309,2019-01-04,-0.6733798264228061,-1.0
7310,2019-01-07,-0.08647356764891001,0.0
7311,2019-01-08,0.16842362018088175,0.0
7312,2019-01-09,0.15034941060056095,0.0
7313,2019-01-10,0.06714384376567017,0.0
7314,2019-01-11,0.07712787231775686,0.0
7315,2019-01-14,0.17306475027298784,0.0
7316,2019-01-15,0.3131593208027619,0.0
7317,2019-01-16,0.4556164270784766,0.0
7318,2019-01-17,0.5586409122715297,0.0
7319,2019-01-18,0.5804580874663496,0.0
7320,2019-01-22,0.4958525634602715,1.0
7321,2019-01-23,0.3260263874505949,0.0
7322,2019-01-24,0.10025354507735383,0.0
7323,2019-01-25,-0.1521919780194203,0.0
7324,2019-01-28,-0.4020361961996956,0.0
7325,2019-01-29,-0.6199134706174682,0.0
7326,2019-01-30,-0.7510035903550597,0.0
7327,2019-01-31,-0.6804042105561525,-1.0
7328,2019-02-01,-0.2854501770695597,0.0
7329,2019-02-04,0.3875382812106207,0.0
7330,2019-02-05,0.9256126920669252,0.0
7331,2019-02-06,0.8677902404237572,1.0
7332,2019-02-07,-0.8028648736084859,0.0
7333,2019-02-08,-0.7423187322171201,-1.0
7334,2019-02-11,-0.7325121653097477,0.0
7335,2019-02-12,-0.7592475641252058,0.0
7336,2019-02-13,-0.8376464530109091,0.0
7337,2019-02-14,-0.9177444858842364,0.0
7338,2019-02-15,-0.9590556607770546,0.0
7339,2019-02-19,-0.9920312784766084,0.0
7340,2019-02-20,-0.9973204366425168,0.0
7341,2019-02-21,-0.9499989242494804,-1.0
7342,2019-02-22,-0.8664414332127782,0.0
7343,2019-02-25,-0.8232576456972962,0.0
7344,2019-02-26,-0.7775916519169852,0.0
7345,2019-02-27,-0.7497493354929692,0.0
7346,2019-02-28,-0.7029062619650938,0.0
7347,2019-03-01,-0.6948255652880501,0.0
7348,2019-03-04,-0.6532325940572162,0.0
7349,2019-03-05,-0.5683901512328288,0.0
7350,2019-03-06,-0.4363898884411725,0.0
7351,2019-03-07,-0.2823036199272251,0.0
7352,2019-03-08,-0.07674564363782244,0.0
7353,2019-03-11,0.17878481454223194,0.0
7354,2019-03-12,0.4385435137770311,0.0
7355,2019-03-13,0.6737904556469148,0.0
7356,2019-03-14,0.8752746347978346,1.0
7357,2019-03-15,-0.9074838696152088,0.0
7358,2019-03-18,-0.6779314880979592,-1.0
7359,2019-03-19,-0.7537680221444509,0.0
7360,2019-03-20,-0.561995203700069,0.0
7361,2019-03-21,-0.546394473280619,-1.0
7362,2019-03-22,-0.9306994151831038,0.0
7363,2019-03-25,-0.7350511272971414,-1.0
7364,2019-03-26,-0.8013736643960309,0.0
7365,2019-03-27,-1.0,0.0
7366,2019-03-28,-0.6963936054703603,-1.0
7367,2019-03-29,-0.4931279214880313,0.0
7368,2019-04-01,-0.5094623716150348,0.0
7369,2019-04-02,-0.4473169194884628,0.0
7370,2019-04-03,-0.4922961997888433,0.0
7371,2019-04-04,-0.6076119141963574,0.0
7372,2019-04-05,-0.5959408548409706,0.0
7373,2019-04-08,-0.7441863179166655,0.0
7374,2019-04-09,-0.5920033899416121,-1.0
7375,2019-04-10,-0.4165957561885274,0.0
7376,2019-04-11,-0.4674307995227154,0.0
7377,2019-04-12,-0.3886072932741808,0.0
7378,2019-04-15,-0.285728491533065,0.0
7379,2019-04-16,-0.08373210376810357,0.0
7380,2019-04-17,0.3138239207266287,0.0
7381,2019-04-18,0.7540294321568652,1.0
7382,2019-04-22,-0.9948654279239868,0.0
7383,2019-04-23,-0.6669358529736438,-1.0
7384,2019-04-24,-0.494154203261419,0.0
7385,2019-04-25,0.05307095574463383,0.0
7386,2019-04-26,0.13176535303781756,0.0
7387,2019-04-29,0.23862102269358546,0.0
7388,2019-04-30,0.3107578551675252,0.0
7389,2019-05-01,0.08401109451637034,1.0
7390,2019-05-02,-0.16882071943075794,0.0
7391,2019-05-03,0.11849775895486506,0.0
7392,2019-05-06,-0.2279698221841652,0.0
7393,2019-05-07,-0.5389603448529771,0.0
7394,2019-05-08,-0.622562150118158,0.0
7395,2019-05-09,-0.7386111129062375,0.0
7396,2019-05-10,-0.6396184428683377,-1.0
7397,2019-05-13,-0.9953626310004824,0.0
7398,2019-05-14,-0.9234509926819005,-1.0
7399,2019-05-15,-0.8402672607265981,0.0
7400,2019-05-16,-0.5309323031284956,0.0
7401,2019-05-17,-0.4874458799879917,0.0
7402,2019-05-20,-0.7790291000928907,0.0
7403,2019-05-21,-0.671884086899305,0.0
7404,2019-05-22,-0.5845483806211276,0.0
7405,2019-05-23,-0.7907296045028283,0.0
7406,2019-05-24,-0.3538845086376197,0.0
7407,2019-05-28,-0.8230018981239329,0.0
7408,2019-05-29,-0.9867519404045934,0.0
7409,2019-05-30,-0.9723894356574222,0.0
7410,2019-05-31,-0.9370274388713773,-1.0
7411,2019-06-03,-1.0,0.0
7412,2019-06-04,-0.8986323253835969,-1.0
7413,2019-06-05,-0.6456625214930456,0.0
7414,2019-06-06,-0.36167581524826786,0.0
7415,2019-06-07,-0.01024169750723214,0.0
7416,2019-06-10,0.24604991323207415,0.0
7417,2019-06-11,0.41228285000090237,0.0
7418,2019-06-12,0.541271055111527,0.0
7419,2019-06-13,0.7461707665536157,0.0
7420,2019-06-14,0.8518237968316837,0.0
7421,2019-06-17,0.9338588378822461,0.0
7422,2019-06-18,1.0,0.0
7423,2019-06-19,0.9609015658418838,0.0
7424,2019-06-20,0.9181815865734977,1.0
7425,2019-06-21,0.8418263377097168,0.0
7426,2019-06-24,0.7340621215265073,0.0
7427,2019-06-25,0.5169609525162506,0.0
7428,2019-06-26,0.3873452713843808,0.0
7429,2019-06-27,0.22846055171033508,0.0
7430,2019-06-28,0.07247493438438846,0.0
7431,2019-07-01,-0.033344196219861955,0.0
