,Date,trade_spline,trade_signal
5018,2019-01-02,-0.7408695704796509,0.0
5019,2019-01-03,-0.6363587269254426,-1.0
5020,2019-01-04,-0.6526310762675328,0.0
5021,2019-01-07,-0.38581102882790286,-1.0
5022,2019-01-08,-0.1645000154241314,0.0
5023,2019-01-09,-0.03398101707037371,0.0
5024,2019-01-10,0.08021012046687548,0.0
5025,2019-01-11,0.17663372463070748,0.0
5026,2019-01-14,0.28284459024137254,0.0
5027,2019-01-15,0.37762227702601203,0.0
5028,2019-01-16,0.4415206957673383,0.0
5029,2019-01-17,0.4917008621983652,0.0
5030,2019-01-18,0.5888471496235985,0.0
5031,2019-01-22,0.1985000321239201,1.0
5032,2019-01-23,-0.6373729918121023,0.0
5033,2019-01-24,0.612378598005981,0.0
5034,2019-01-25,0.6975800120670288,0.0
5035,2019-01-28,-0.41903579720555617,-1.0
5036,2019-01-29,-0.8909115243024642,0.0
5037,2019-01-30,-0.9947728727684083,0.0
5038,2019-01-31,-0.7120953107473973,-1.0
5039,2019-02-01,-0.02107102766034663,0.0
5040,2019-02-04,0.6574441300538159,0.0
5041,2019-02-05,0.9979637938633885,0.0
5042,2019-02-06,0.9554898970549541,1.0
